uint16_t alphabetical_table1[] = 
{
    0, 256, 512, 768, 1024, 1280, 1536, 1792, 312, 312, 2560, 2816, 3072, 2537, 2537, 2537, 2537, 2537, 2537, 2537, 2537, 2537, 2537, 2537, 2537, 2537, 2537, 2537, 2537, 2537, 2537, 2537, 2537, 
    2537, 2537, 2537, 2537, 2537, 2537, 2537, 2537, 2537, 2537, 2537, 2537, 2537, 2537, 2537, 2537, 2537, 2537, 2537, 2537, 2537, 2537, 2537, 2537, 2537, 2537, 2537, 2537, 2537, 2537, 2537, 2537, 
    2537, 2537, 2537, 2537, 2537, 2537, 2537, 2537, 2537, 2537, 2537, 2537, 2537, 2537, 2537, 2537, 2537, 2537, 2537, 2537, 2537, 2537, 2537, 2537, 2537, 2537, 2537, 2537, 2537, 2537, 2537, 2537, 
    2537, 2537, 2537, 2537, 2537, 2537, 2537, 2537, 2537, 2537, 2537, 2537, 2537, 2537, 2537, 2537, 2537, 2537, 2537, 2537, 2537, 2537, 2537, 2537, 2537, 2537, 2537, 2537, 2537, 2537, 2537, 2537, 
    2537, 2537, 2537, 2537, 2537, 2537, 2537, 2537, 2537, 2537, 2537, 2537, 2537, 2537, 2537, 2537, 2537, 2537, 2537, 2537, 2537, 2537, 2537, 2537, 2537, 2537, 2537, 2537, 2537, 2537, 2537, 2537, 
    2537, 2537, 2537, 2537, 2537, 2537, 2537, 2537, 2537, 2537, 2537, 2537, 2537, 2537, 2537, 2537, 2537, 2537, 2537, 2537, 2537, 2537, 2537, 2537, 2537, 2537, 2537, 2537, 2537, 2537, 2537, 2537, 
    2537, 2537, 2537, 2537, 2537, 2537, 2537, 2537, 2537, 2537, 2537, 2537, 2537, 2537, 2537, 2537, 2537, 2537, 2537, 2537, 2537, 2537, 2537, 2537, 2537, 2537, 2537, 2537, 2537, 2537, 2537, 2537, 
    2537, 2537, 2537, 2537, 2537, 2537, 2537, 2537, 2537, 2537, 2537, 2537, 2537, 2537, 2537, 2537, 2537, 2537, 2537, 2537, 2537, 2537, 2537, 2537, 2537, 2537, 2537, 2537, 2537, 2537, 2537
};

uint16_t alphabetical_table2[] = 
{
    0, 1, 2, 3, 4, 4, 4, 4, 4, 4, 4, 5, 0, 6, 7, 8, 4, 4, 9, 4, 10, 11, 12, 13, 14, 15, 4, 16, 17, 18, 19, 20, 21, 
    22, 23, 24, 25, 26, 27, 28, 29, 30, 31, 32, 33, 34, 35, 36, 37, 38, 39, 40, 41, 42, 43, 44, 45, 46, 47, 48, 49, 50, 51, 0, 52, 
    53, 54, 55, 4, 4, 4, 4, 4, 56, 57, 58, 59, 60, 61, 62, 63, 4, 4, 4, 4, 4, 4, 4, 4, 64, 65, 66, 67, 68, 69, 70, 71, 
    72, 73, 74, 75, 76, 77, 78, 79, 80, 81, 0, 82, 83, 84, 85, 74, 86, 87, 88, 4, 4, 4, 89, 4, 4, 4, 4, 90, 91, 92, 93, 0, 
    94, 95, 0, 96, 97, 98, 0, 0, 0, 0, 0, 0, 0, 0, 0, 0, 0, 99, 100, 0, 0, 0, 0, 0, 0, 0, 0, 0, 0, 0, 0, 0, 
    0, 0, 0, 0, 0, 0, 0, 0, 0, 0, 0, 0, 0, 0, 0, 101, 102, 4, 103, 104, 105, 106, 107, 108, 0, 0, 0, 0, 0, 0, 0, 109, 
    63, 110, 111, 112, 4, 113, 114, 0, 0, 0, 0, 0, 0, 0, 0, 4, 4, 4, 4, 4, 4, 4, 4, 4, 4, 4, 4, 4, 4, 4, 4, 4, 
    4, 4, 4, 4, 4, 4, 4, 4, 4, 4, 4, 4, 4, 4, 4, 4, 4, 4, 4, 4, 4, 4, 4, 4, 4, 4, 4, 4, 4, 4, 4, 4, 
    4, 4, 4, 4, 4, 4, 4, 4, 4, 4, 4, 4, 4, 4, 4, 4, 4, 4, 4, 4, 4, 4, 4, 4, 4, 4, 4, 4, 4, 4, 4, 4, 
    4, 4, 4, 4, 4, 4, 4, 4, 4, 4, 4, 4, 4, 4, 4, 4, 4, 4, 4, 4, 4, 74, 0, 4, 4, 4, 4, 4, 4, 4, 4, 4, 
    4, 4, 4, 4, 4, 4, 4, 4, 4, 4, 4, 4, 4, 4, 4, 4, 4, 4, 4, 4, 4, 4, 4, 4, 4, 4, 4, 4, 4, 4, 4, 4, 
    4, 4, 4, 4, 4, 4, 4, 4, 4, 4, 4, 4, 4, 4, 4, 4, 4, 4, 4, 4, 4, 4, 4, 4, 4, 4, 4, 4, 4, 4, 4, 4, 
    4, 4, 4, 4, 4, 4, 4, 4, 4, 4, 4, 4, 4, 4, 4, 4, 4, 4, 4, 4, 4, 4, 4, 4, 4, 4, 4, 4, 4, 4, 4, 4, 
    4, 4, 4, 4, 4, 4, 4, 4, 4, 4, 4, 4, 4, 4, 4, 4, 4, 4, 4, 4, 4, 4, 4, 4, 4, 4, 4, 4, 4, 4, 4, 4, 
    4, 4, 4, 4, 4, 4, 4, 4, 4, 4, 4, 4, 4, 4, 4, 4, 4, 4, 4, 4, 4, 4, 4, 4, 4, 4, 4, 4, 4, 4, 4, 4, 
    4, 4, 4, 4, 4, 4, 4, 4, 4, 4, 4, 4, 4, 4, 4, 4, 4, 4, 4, 4, 4, 4, 4, 4, 4, 4, 4, 4, 4, 4, 4, 4, 
    4, 4, 4, 4, 4, 4, 4, 4, 4, 4, 4, 4, 4, 4, 4, 4, 4, 4, 4, 4, 4, 4, 4, 4, 4, 4, 4, 4, 4, 4, 4, 4, 
    4, 4, 4, 4, 4, 4, 4, 4, 4, 4, 4, 4, 4, 4, 4, 4, 4, 4, 4, 4, 4, 4, 4, 4, 4, 4, 4, 4, 4, 4, 4, 4, 
    4, 4, 4, 4, 4, 4, 4, 4, 4, 4, 4, 4, 4, 4, 4, 4, 4, 4, 4, 4, 4, 4, 4, 4, 4, 4, 4, 4, 4, 4, 4, 4, 
    4, 4, 4, 4, 4, 4, 4, 4, 4, 4, 4, 4, 4, 4, 4, 4, 4, 4, 4, 4, 4, 4, 4, 4, 4, 4, 4, 4, 4, 4, 115, 4, 
    4, 4, 4, 4, 4, 4, 4, 4, 4, 4, 4, 4, 4, 4, 4, 4, 4, 116, 117, 4, 4, 4, 4, 118, 119, 4, 115, 120, 4, 121, 122, 123, 
    124, 4, 125, 126, 127, 128, 129, 130, 131, 132, 133, 134, 135, 4, 136, 4, 4, 4, 4, 4, 4, 4, 4, 4, 4, 4, 4, 4, 4, 4, 4, 4, 
    4, 4, 4, 4, 4, 4, 4, 4, 4, 4, 4, 4, 4, 4, 4, 4, 4, 4, 4, 4, 4, 4, 4, 4, 4, 4, 4, 4, 4, 4, 4, 4, 
    4, 4, 4, 4, 4, 4, 4, 4, 4, 4, 4, 4, 4, 4, 4, 4, 4, 4, 4, 4, 4, 4, 4, 4, 4, 4, 4, 4, 4, 4, 4, 4, 
    4, 4, 4, 4, 4, 4, 4, 4, 4, 4, 4, 4, 4, 4, 4, 4, 4, 4, 4, 4, 4, 4, 4, 4, 4, 4, 4, 4, 4, 4, 4, 4, 
    4, 4, 4, 4, 4, 4, 4, 4, 4, 4, 4, 4, 4, 4, 4, 4, 4, 4, 4, 4, 4, 4, 4, 4, 4, 4, 4, 4, 4, 4, 4, 4, 
    4, 4, 4, 4, 4, 4, 4, 4, 4, 4, 4, 4, 4, 4, 4, 4, 4, 4, 4, 4, 4, 4, 4, 4, 4, 4, 4, 4, 4, 137, 138, 0, 
    0, 0, 0, 0, 0, 0, 0, 0, 0, 0, 0, 0, 0, 0, 0, 0, 0, 0, 0, 0, 0, 0, 0, 0, 0, 0, 0, 0, 0, 0, 0, 0, 
    0, 0, 0, 0, 0, 0, 0, 0, 0, 0, 0, 0, 0, 0, 0, 0, 0, 0, 0, 0, 0, 0, 0, 0, 0, 0, 0, 0, 0, 0, 0, 0, 
    0, 0, 0, 0, 0, 0, 0, 0, 0, 0, 0, 0, 0, 0, 0, 0, 0, 0, 0, 0, 0, 0, 0, 0, 0, 0, 0, 0, 0, 0, 0, 0, 
    0, 0, 0, 0, 0, 0, 0, 0, 0, 0, 0, 0, 0, 0, 0, 0, 0, 0, 0, 0, 0, 0, 0, 0, 0, 0, 0, 0, 0, 0, 0, 0, 
    0, 0, 0, 4, 4, 4, 4, 4, 139, 4, 140, 141, 142, 19, 143, 4, 4, 4, 4, 144, 17, 145, 146, 0, 147, 4, 148, 149, 150, 132, 151, 152, 
    153, 4, 154, 0, 155, 0, 0, 0, 0, 156, 157, 158, 159, 160, 161, 4, 4, 162, 163, 164, 165, 0, 0, 4, 4, 4, 4, 130, 166, 0, 0, 167, 
    168, 169, 170, 171, 0, 172, 0, 173, 174, 175, 176, 74, 177, 178, 0, 4, 98, 179, 179, 180, 0, 0, 0, 0, 0, 0, 0, 181, 182, 0, 0, 4, 
    182, 183, 184, 179, 185, 4, 186, 187, 0, 188, 189, 190, 191, 0, 0, 4, 192, 4, 193, 0, 0, 194, 195, 132, 196, 74, 0, 197, 0, 0, 0, 72, 
    0, 71, 198, 0, 0, 0, 0, 199, 17, 200, 72, 0, 0, 0, 0, 201, 202, 203, 0, 204, 205, 206, 0, 0, 0, 0, 207, 0, 0, 0, 0, 4, 
    4, 4, 4, 4, 4, 4, 4, 4, 4, 4, 4, 4, 4, 140, 0, 4, 208, 4, 4, 4, 209, 0, 0, 0, 0, 0, 0, 0, 0, 0, 0, 0, 
    0, 0, 0, 0, 0, 0, 0, 0, 0, 0, 0, 0, 0, 0, 0, 0, 0, 0, 0, 0, 0, 0, 0, 0, 0, 0, 0, 0, 0, 0, 0, 4, 
    4, 4, 4, 4, 4, 4, 4, 4, 4, 4, 4, 4, 4, 4, 4, 208, 0, 0, 0, 0, 0, 0, 0, 0, 0, 0, 0, 0, 0, 0, 0, 0, 
    0, 0, 0, 0, 0, 0, 0, 0, 0, 0, 0, 0, 0, 0, 0, 0, 0, 0, 0, 0, 0, 0, 0, 0, 0, 0, 0, 0, 0, 0, 0, 0, 
    0, 0, 0, 0, 0, 0, 0, 0, 0, 0, 0, 0, 0, 0, 0, 4, 4, 4, 4, 4, 4, 4, 4, 4, 210, 0, 0, 0, 0, 0, 0, 0, 
    0, 0, 0, 0, 0, 0, 0, 0, 0, 0, 0, 0, 0, 0, 0, 0, 0, 0, 0, 0, 0, 0, 0, 0, 0, 0, 0, 0, 0, 0, 0, 0, 
    0, 0, 0, 0, 0, 0, 0, 0, 0, 0, 0, 0, 0, 0, 0, 0, 0, 0, 0, 0, 0, 0, 0, 0, 0, 0, 0, 0, 0, 0, 0, 0, 
    0, 0, 0, 0, 0, 0, 0, 0, 0, 0, 0, 0, 0, 0, 0, 0, 0, 0, 0, 0, 0, 0, 0, 0, 0, 0, 0, 0, 0, 0, 0, 0, 
    0, 0, 0, 0, 0, 0, 0, 0, 0, 0, 0, 0, 0, 0, 0, 0, 0, 0, 0, 0, 0, 0, 0, 0, 0, 0, 0, 0, 0, 0, 0, 4, 
    4, 4, 4, 4, 4, 4, 4, 72, 169, 0, 211, 130, 212, 213, 0, 0, 0, 0, 0, 0, 0, 0, 0, 0, 4, 0, 0, 4, 214, 215, 216, 4, 
    4, 4, 4, 4, 4, 4, 4, 4, 4, 4, 4, 4, 4, 4, 4, 4, 4, 4, 4, 4, 4, 4, 4, 4, 4, 4, 4, 4, 4, 4, 4, 4, 
    4, 4, 4, 4, 4, 4, 4, 4, 4, 4, 4, 4, 4, 4, 4, 4, 4, 4, 4, 4, 4, 4, 4, 4, 4, 4, 4, 4, 4, 4, 4, 4, 
    4, 4, 4, 4, 4, 4, 4, 4, 4, 4, 4, 4, 4, 4, 4, 4, 4, 4, 4, 4, 4, 4, 4, 4, 4, 4, 4, 4, 4, 4, 19, 4, 
    4, 4, 4, 4, 4, 4, 4, 4, 4, 4, 179, 0, 0, 0, 0, 0, 0, 0, 0, 0, 0, 0, 0, 0, 0, 0, 0, 0, 0, 0, 0, 0, 
    0, 0, 0, 0, 0, 0, 0, 0, 0, 0, 0, 0, 0, 0, 0, 0, 0, 0, 0, 0, 0, 0, 0, 0, 0, 0, 0, 0, 0, 0, 0, 0, 
    0, 0, 0, 0, 0, 0, 0, 0, 0, 0, 0, 0, 0, 0, 0, 0, 0, 0, 0, 0, 0, 0, 0, 0, 0, 0, 0, 0, 0, 0, 0, 0, 
    0, 0, 0, 0, 0, 0, 0, 0, 0, 0, 0, 0, 0, 0, 0, 0, 0, 0, 0, 0, 0, 0, 0, 0, 0, 0, 0, 0, 0, 0, 0, 0, 
    0, 0, 0, 0, 0, 0, 0, 0, 0, 0, 0, 0, 0, 0, 0, 0, 0, 0, 0, 0, 0, 0, 0, 0, 0, 0, 0, 0, 0, 0, 0, 4, 
    4, 4, 4, 169, 114, 4, 4, 4, 4, 4, 217, 0, 0, 0, 0, 0, 0, 0, 0, 0, 0, 0, 0, 0, 0, 0, 0, 0, 0, 0, 0, 0, 
    0, 0, 0, 0, 0, 0, 0, 0, 0, 0, 0, 0, 0, 0, 0, 4, 218, 219, 0, 0, 0, 0, 0, 0, 0, 0, 0, 0, 0, 0, 0, 0, 
    0, 0, 0, 0, 0, 0, 0, 0, 0, 0, 0, 0, 0, 0, 0, 0, 0, 0, 0, 0, 0, 0, 0, 0, 0, 0, 0, 0, 0, 0, 0, 0, 
    0, 0, 0, 0, 0, 0, 0, 0, 0, 0, 0, 0, 0, 0, 0, 0, 0, 0, 0, 0, 0, 0, 0, 0, 0, 0, 0, 0, 0, 0, 0, 0, 
    0, 0, 0, 0, 0, 0, 0, 0, 0, 0, 0, 0, 0, 0, 0, 4, 220, 221, 222, 223, 224, 4, 4, 4, 4, 225, 226, 227, 228, 229, 230, 0, 
    0, 0, 0, 0, 0, 0, 0, 0, 0, 0, 0, 0, 0, 0, 0, 0, 0, 0, 0, 0, 0, 0, 0, 0, 0, 0, 0, 0, 0, 0, 0, 231, 
    0, 0, 0, 0, 0, 0, 0, 0, 0, 0, 0, 0, 0, 0, 0, 0, 0, 0, 0, 0, 0, 0, 0, 0, 0, 0, 0, 0, 0, 0, 0, 4, 
    4, 4, 232, 4, 233, 0, 0, 0, 0, 0, 0, 0, 0, 0, 0, 0, 0, 0, 0, 0, 0, 0, 0, 234, 235, 236, 0, 0, 0, 0, 0, 0, 
    0, 0, 0, 114, 237, 78, 0, 0, 0, 0, 0, 0, 0, 0, 0, 0, 0, 0, 0, 0, 0, 0, 0, 0, 0, 0, 0, 0, 0, 0, 0, 0, 
    0, 0, 0, 0, 0, 0, 0, 0, 0, 0, 0, 0, 0, 0, 0, 0, 0, 0, 0, 0, 0, 0, 0, 0, 0, 0, 0, 0, 0, 0, 0, 4, 
    4, 4, 4, 4, 4, 4, 4, 4, 4, 4, 4, 4, 4, 4, 4, 4, 4, 4, 4, 4, 4, 4, 4, 4, 4, 4, 4, 4, 4, 4, 4, 4, 
    4, 4, 4, 4, 4, 4, 4, 4, 4, 4, 4, 4, 4, 4, 4, 4, 4, 4, 4, 4, 4, 4, 4, 4, 4, 4, 4, 4, 4, 4, 4, 4, 
    4, 4, 4, 4, 4, 4, 4, 4, 4, 4, 4, 4, 4, 4, 4, 4, 4, 4, 4, 4, 4, 4, 4, 4, 4, 4, 4, 4, 4, 4, 4, 4, 
    4, 4, 4, 4, 4, 4, 4, 4, 4, 4, 4, 4, 4, 4, 4, 4, 4, 4, 4, 4, 4, 4, 4, 4, 4, 4, 4, 4, 4, 4, 4, 4, 
    4, 4, 4, 4, 4, 4, 4, 4, 4, 4, 4, 4, 4, 4, 4, 4, 4, 4, 4, 4, 4, 4, 4, 4, 4, 4, 238, 4, 4, 4, 4, 4, 
    4, 4, 4, 4, 4, 4, 4, 4, 4, 4, 4, 4, 4, 4, 4, 4, 4, 4, 4, 4, 4, 4, 4, 4, 4, 4, 4, 4, 4, 4, 4, 4, 
    4, 4, 4, 4, 4, 4, 4, 4, 4, 4, 4, 4, 4, 4, 4, 4, 4, 4, 4, 4, 4, 4, 4, 4, 4, 4, 4, 155, 4, 4, 4, 160, 
    4, 4, 4, 4, 4, 4, 4, 4, 4, 4, 4, 4, 4, 4, 4, 4, 4, 4, 4, 4, 4, 4, 4, 4, 4, 4, 4, 4, 4, 4, 4, 4, 
    4, 4, 4, 4, 4, 4, 4, 4, 4, 4, 4, 4, 4, 4, 4, 4, 4, 4, 4, 4, 4, 4, 4, 4, 4, 4, 4, 4, 4, 4, 4, 4, 
    4, 4, 4, 4, 4, 4, 4, 4, 4, 4, 4, 4, 4, 4, 4, 4, 4, 4, 4, 4, 4, 4, 4, 4, 4, 239, 4, 4, 4, 4, 4, 4, 
    4, 4, 4, 4, 4, 4, 4, 4, 4, 4, 4, 4, 4, 4, 4, 4, 4, 4, 4, 4, 4, 4, 4, 4, 4, 4, 4, 4, 4, 4, 4, 4, 
    4, 4, 4, 4, 4, 4, 4, 4, 4, 4, 4, 4, 4, 4, 4, 4, 4, 4, 4, 4, 4, 4, 4, 4, 4, 4, 4, 4, 4, 4, 4, 4, 
    4, 4, 4, 4, 4, 4, 4, 4, 4, 4, 4, 4, 4, 4, 4, 4, 4, 4, 4, 4, 4, 4, 4, 4, 4, 4, 4, 4, 4, 4, 4, 4, 
    4, 4, 4, 4, 4, 4, 4, 4, 4, 4, 4, 4, 4, 4, 240, 0, 0, 0, 0, 0, 0, 0, 0, 0, 0, 0, 0, 0, 0, 0, 0, 0, 
    0, 0, 0, 0, 0, 0, 0, 0, 0, 0, 0, 0, 0, 0, 0, 0, 0, 0, 0, 0, 0, 0, 0, 0, 0, 0, 0, 0, 0, 0, 0, 4, 
    4, 4, 4, 4, 4, 4, 4, 241, 0, 0, 0, 0, 0, 0, 0, 0, 0, 0, 0, 0, 0, 0, 0, 0, 0, 0, 0, 0, 0, 0, 0, 0, 
    0, 0, 0, 0, 0, 0, 0, 0, 0, 0, 0, 0, 0, 0, 0, 0, 0, 0, 0, 0, 0, 0, 0, 0, 0, 0, 0, 0, 0, 0, 0, 0, 
    0, 0, 0, 0, 0, 0, 0, 0, 0, 0, 0, 0, 0, 0, 0, 0, 0, 0, 0, 0, 0, 0, 0, 0, 0, 0, 0, 0, 0, 0, 0, 0, 
    0, 0, 0, 0, 0, 0, 0, 0, 0, 0, 0, 0, 0, 0, 0, 0, 0, 0, 0, 0, 0, 0, 0, 0, 0, 0, 0, 0, 0, 0, 0, 0, 
    0, 0, 0, 0, 0, 0, 0, 0, 0, 0, 0, 0, 0, 0, 0, 0, 0, 0, 0, 0, 0, 0, 0, 0, 0, 0, 0, 0, 0, 0, 0, 0, 
    0, 0, 0, 0, 0, 0, 0, 0, 0, 0, 0, 0, 0, 0, 0, 0, 0, 0, 0, 0, 0, 0, 0, 0, 0, 0, 0, 0, 0, 0, 0, 0, 
    0, 0, 0, 0, 0, 0, 0, 0, 0, 0, 0, 0, 0, 0, 0, 0, 0, 0, 0, 0, 0, 0, 0, 0, 0, 0, 0, 0, 0, 0, 0, 0, 
    0, 0, 0, 0, 0, 0, 0, 0, 0, 0, 0, 0, 0, 0, 0, 0, 0, 0, 0, 0, 0, 0, 0, 0, 0, 0, 0, 0, 0, 0, 0, 0, 
    0, 0, 0, 0, 0, 0, 0, 0, 0, 0, 0, 0, 0, 0, 0, 0, 0, 0, 0, 0, 0, 0, 0, 0, 0, 0, 0, 0, 0, 0, 0
};

uint64_t alphabetical_leaves[] = 
{
    0, 576460743847706622, 297241973452963840, 18410715276682199039, 18446744073709551615, 
    88094074470339, 13609596598936928288, 18446744056529672000, 18428729675200069631, 
    18446744073709550595, 18446462598732840959, 18446744069456527359, 13834776580305453567, 
    2119858418286774, 18446744069548736512, 18446673709243564031, 11241233151490523135, 
    18446744073709486080, 18446744073709543424, 1125899906842623, 301749971126844416, 
    35184321757183, 8791831609343, 4602678814877679616, 18446466966713532416, 
    17293822569102704639, 18446181192473632767, 16412803692974677999, 1153765996922689951, 
    14082190885810440174, 17732925109967239, 16424062692043243502, 2161727885562420159, 
    16424062692043104238, 563017343310239, 14123225865944680428, 8461767, 
    16429129241624174575, 64548249055, 16424625641996804079, 1688915364814303, 
    16717361816799141871, 18158513764145585631, 3457638613854978028, 3377704004976767, 
    576460752303423486, 8319, 4323434403644581270, 4026540127, 
    1, 18446216308128218879, 2305843009196916483, 17978369712463020031, 
    18446675800909348864, 18446744070219907199, 17870283321406070975, 18446744070446333439, 
    9168765891372858879, 18446744073701162813, 18446744073696837631, 2281701375, 
    18446744069414649855, 4557642822898941951, 18446744073709551614, 18446638520593285119, 
    18446744069548802046, 144053615424700415, 4503595333443583, 3905461007941631, 
    18433233274827440127, 276824575, 18446744069414584320, 144115188075855871, 
    18446471394825863167, 18014398509481983, 143851303137705983, 8796093022142464, 
    18446480190918885375, 1023, 18446744069683019775, 9007192812290047, 
    549755813888, 18442240474082181119, 4079, 18158781978395017215, 
    1125625028935679, 4611686018360336384, 16717361816799216127, 31487813996249088, 
    9006649498927104, 18446744070475743231, 4611686017001275199, 6908521828386340863, 
    2295745090394464220, 9223934986808197120, 536805376, 17581979622616071300, 
    18446744069414601696, 511, 18428729675200069632, 4398046511103, 
    18446603336221196287, 18446744071562067967, 3509778554814463, 18446498607738650623, 
    141836999983103, 9187201948305063935, 18446744071553646463, 140737488355328, 
    2251241253188403424, 18446744068886102015, 17870283321406128127, 18446462598732840928, 
    576460748008488959, 18446462598732840960, 281474976710655, 8191, 
    4611686018427322368, 13198434443263, 10371930679322607615, 18446744060816261120, 
    288230376151710207, 18410715276690587648, 1099511625659, 4503599627370495, 
    7564921474075590703, 18446471394825862144, 2305843004919250943, 18444492273895866367, 
    8935422993945886720, 36028797018963967, 14159317224157888511, 9223372036854775807, 
    17169970223906821, 18446602782178705022, 18446462873476530175, 8796093022207, 
    18446462667452317695, 1152921504606845055, 18446532967477018623, 67108863, 
    6881498031078244479, 18446744073709551579, 18446744073709027328, 4611686018427387903, 
    18446744073709355007, 1152640029630136575, 18437455399478099968, 2305843009213693951, 
    576460743713488896, 18446743798965862398, 486341884, 13258596753222922239, 
    1073692671, 576460752303423487, 9007199254740991, 18446744069951455231, 
    131071, 18446708893632430079, 576460752303359999, 18446744070488326143, 
    4128527, 18446462599806582783, 1152921504591118335, 18446463698244468735, 
    68719476735, 1095220854783, 10502394331027995967, 36028792728190975, 
    2147483647, 15762594400829440, 288230371860938751, 13907115649320091647, 
    18014398491652207, 2305843004918726656, 536870911, 137438953215, 
    2251795522912255, 262143, 2251799813685247, 1099511627775, 
    18446463149025525759, 63, 144115188075855868, 2199023190016, 
    20266198323101808, 335544350, 4656722014700830719, 18446464796682337663, 
    2199023255551, 16424062692043104239, 68191066527, 1979, 
    179, 9169328841326329855, 1056964608, 17, 
    8795690369023, 9223372041149743103, 9216616637413720063, 553648079, 
    9187343239835811327, 18445618173802708993, 36027697507139583, 13006395723845991295, 
    18446741595513422027, 24870911, 36028792723996672, 140737488355327, 
    15, 127, 70368744112128, 16212958624174047247, 
    65535, 9223372036854710303, 4294443008, 12884901888, 
    1152921504606846975, 2305570330330005503, 1140785663, 18446744073707454463, 
    17005555242810474495, 18446744073709551599, 8935141660164089791, 18446744073709419615, 
    18446743249075830783, 17870283321271910397, 18437736874452713471, 18446603336221163519, 
    18446741874686295551, 4087, 8641373536127, 31, 
    143, 790380184120328175, 6843210385291930244, 1152917029519358975, 
    18446466996779287551, 8388607, 18446462615912710143, 8589934591, 
    1073741823
};

