uint16_t grapheme_base_table1[] = 
{
    0, 256, 512, 768, 1024, 1280, 1536, 1792, 311, 311, 2560, 2816, 3072, 2537, 2537, 2537, 2537, 2537, 2537, 2537, 2537, 2537, 2537, 2537, 2537, 2537, 2537, 2537, 2537, 2537, 2537, 2537, 2537, 
    2537, 2537, 2537, 2537, 2537, 2537, 2537, 2537, 2537, 2537, 2537, 2537, 2537, 2537, 2537, 2537, 2537, 2537, 2537, 2537, 2537, 2537, 2537, 14336, 14592, 2824, 2824, 2824, 2824, 2824, 2824, 2824, 
    2824, 2824, 2824, 2824, 2824, 2824, 2824, 2824, 2824, 2824, 2824, 2824, 2824, 2824, 2824, 2824, 2824, 2824, 2824, 2824, 2824, 2824, 2824, 2824, 2824, 2824, 2824, 2824, 2824, 2824, 2824, 2824, 
    2824, 2824, 2824, 2824, 2824, 2824, 2824, 2824, 2824, 2824, 2824, 2824, 2824, 2824, 2824, 2824, 2824, 2824, 2824, 2824, 2824, 2824, 2824, 2824, 2824, 2824, 2824, 2824, 2824, 2824, 2824, 2824, 
    2824, 2824, 2824, 2824, 2824, 2824, 2824, 2824, 2824, 2824, 2824, 2824, 2824, 2824, 2824, 2824, 2824, 2824, 2824, 2824, 2824, 2824, 2824, 2824, 2824, 2824, 2824, 2824, 2824, 2824, 2824, 2824, 
    2824, 2824, 2824, 2824, 2824, 2824, 2824, 2824, 2824, 2824, 2824, 2824, 2824, 2824, 2824, 2824, 2824, 2824, 2824, 2824, 2824, 2824, 2824, 2824, 2824, 2824, 2824, 2824, 2824, 2824, 2824, 2824, 
    2824, 2824, 2824, 2824, 2824, 2824, 2824, 2824, 2824, 2824, 2824, 2824, 2824, 2824, 2824, 2824, 2824, 2824, 2824, 2824, 2824, 2824, 2824, 2824, 2824, 2824, 2824, 2824, 2824, 2824, 2824, 2824, 
    2824, 2824, 2824, 2824, 2824, 2824, 2824, 2824, 2824, 2824, 2824, 2824, 2824, 2824, 2824, 2824, 2824, 2824, 2824, 2824, 2824, 2824, 2824, 2824, 2824, 2824, 2824, 2824, 2824, 2824, 2824
};

uint16_t grapheme_base_table2[] = 
{
    0, 1, 2, 3, 3, 3, 3, 3, 3, 3, 3, 3, 4, 5, 6, 3, 3, 3, 7, 3, 8, 9, 10, 11, 12, 13, 3, 14, 15, 16, 17, 18, 19, 
    20, 21, 4, 22, 23, 24, 25, 26, 27, 28, 29, 30, 31, 32, 33, 34, 35, 36, 37, 38, 39, 40, 41, 42, 43, 44, 45, 46, 47, 48, 49, 50, 
    51, 52, 53, 3, 3, 3, 3, 3, 54, 55, 56, 57, 58, 59, 60, 3, 3, 3, 3, 3, 3, 3, 3, 3, 3, 61, 62, 63, 64, 65, 66, 67, 
    62, 68, 69, 70, 71, 72, 73, 74, 75, 76, 4, 77, 78, 79, 80, 81, 82, 83, 84, 3, 3, 3, 4, 3, 3, 3, 3, 85, 86, 87, 88, 89, 
    90, 91, 4, 3, 3, 92, 3, 3, 3, 3, 3, 3, 3, 3, 3, 93, 94, 3, 3, 3, 3, 3, 3, 3, 3, 3, 3, 3, 3, 3, 3, 3, 
    3, 3, 3, 3, 3, 3, 3, 3, 3, 3, 3, 3, 95, 96, 97, 98, 99, 3, 100, 101, 102, 103, 104, 3, 105, 106, 107, 3, 3, 3, 108, 109, 
    110, 111, 3, 112, 3, 113, 114, 99, 3, 3, 1, 3, 3, 3, 3, 3, 3, 3, 3, 3, 3, 3, 3, 3, 3, 3, 3, 3, 3, 3, 3, 3, 
    3, 3, 3, 3, 3, 3, 3, 3, 3, 3, 3, 3, 3, 3, 3, 3, 3, 3, 3, 3, 3, 3, 3, 3, 3, 3, 3, 3, 3, 3, 3, 3, 
    3, 3, 3, 3, 3, 3, 3, 3, 3, 3, 3, 3, 3, 3, 3, 3, 3, 3, 3, 3, 3, 3, 3, 3, 3, 3, 3, 3, 3, 3, 3, 3, 
    3, 3, 3, 3, 3, 3, 3, 3, 3, 3, 3, 3, 3, 3, 3, 3, 3, 3, 3, 3, 3, 69, 3, 3, 3, 3, 3, 3, 3, 3, 3, 3, 
    3, 3, 3, 3, 3, 3, 3, 3, 3, 3, 3, 3, 3, 3, 3, 3, 3, 3, 3, 3, 3, 3, 3, 3, 3, 3, 3, 3, 3, 3, 3, 3, 
    3, 3, 3, 3, 3, 3, 3, 3, 3, 3, 3, 3, 3, 3, 3, 3, 3, 3, 3, 3, 3, 3, 3, 3, 3, 3, 3, 3, 3, 3, 3, 3, 
    3, 3, 3, 3, 3, 3, 3, 3, 3, 3, 3, 3, 3, 3, 3, 3, 3, 3, 3, 3, 3, 3, 3, 3, 3, 3, 3, 3, 3, 3, 3, 3, 
    3, 3, 3, 3, 3, 3, 3, 3, 3, 3, 3, 3, 3, 3, 3, 3, 3, 3, 3, 3, 3, 3, 3, 3, 3, 3, 3, 3, 3, 3, 3, 3, 
    3, 3, 3, 3, 3, 3, 3, 3, 3, 3, 3, 3, 3, 3, 3, 3, 3, 3, 3, 3, 3, 3, 3, 3, 3, 3, 3, 3, 3, 3, 3, 3, 
    3, 3, 3, 3, 3, 3, 3, 3, 3, 3, 3, 3, 3, 3, 3, 3, 3, 3, 3, 3, 3, 3, 3, 3, 3, 3, 3, 3, 3, 3, 3, 3, 
    3, 3, 3, 3, 3, 3, 3, 3, 3, 3, 3, 3, 3, 3, 3, 3, 3, 3, 3, 3, 3, 3, 3, 3, 3, 3, 3, 3, 3, 3, 3, 3, 
    3, 3, 3, 3, 3, 3, 3, 3, 3, 3, 3, 3, 3, 3, 3, 3, 3, 3, 3, 3, 3, 3, 3, 3, 3, 3, 3, 3, 3, 3, 3, 3, 
    3, 3, 3, 3, 3, 3, 3, 3, 3, 3, 3, 3, 3, 3, 3, 3, 3, 3, 3, 3, 3, 3, 3, 3, 3, 3, 3, 3, 3, 3, 3, 3, 
    3, 3, 3, 3, 3, 3, 3, 3, 3, 3, 3, 3, 3, 3, 3, 3, 3, 3, 3, 3, 3, 3, 3, 3, 3, 3, 3, 3, 3, 3, 115, 3, 
    3, 3, 3, 3, 3, 3, 3, 3, 3, 3, 3, 3, 3, 3, 3, 3, 3, 116, 117, 3, 3, 3, 3, 118, 119, 120, 121, 3, 3, 122, 123, 124, 
    125, 3, 126, 127, 128, 129, 130, 131, 132, 133, 134, 135, 136, 3, 137, 3, 3, 3, 3, 3, 3, 3, 3, 3, 3, 3, 3, 3, 3, 3, 3, 3, 
    3, 3, 3, 3, 3, 3, 3, 3, 3, 3, 3, 3, 3, 3, 3, 3, 3, 3, 3, 3, 3, 3, 3, 3, 3, 3, 3, 3, 3, 3, 3, 3, 
    3, 3, 3, 3, 3, 3, 3, 3, 3, 3, 3, 3, 3, 3, 3, 3, 3, 3, 3, 3, 3, 3, 3, 3, 3, 3, 3, 3, 3, 3, 3, 3, 
    3, 3, 3, 3, 3, 3, 3, 3, 3, 3, 3, 3, 3, 3, 3, 3, 3, 3, 3, 3, 3, 3, 3, 3, 3, 3, 3, 3, 3, 3, 3, 3, 
    3, 3, 3, 3, 3, 3, 3, 3, 3, 3, 3, 3, 3, 3, 3, 3, 3, 3, 3, 3, 3, 3, 3, 3, 3, 3, 3, 3, 3, 3, 3, 3, 
    3, 3, 3, 3, 3, 3, 3, 3, 3, 3, 3, 3, 3, 3, 3, 3, 3, 3, 3, 3, 3, 3, 3, 3, 3, 3, 3, 3, 3, 114, 138, 4, 
    4, 4, 4, 4, 4, 4, 4, 4, 4, 4, 4, 4, 4, 4, 4, 4, 4, 4, 4, 4, 4, 4, 4, 4, 4, 4, 4, 4, 4, 4, 4, 4, 
    4, 4, 4, 4, 4, 4, 4, 4, 4, 4, 4, 4, 4, 4, 4, 4, 4, 4, 4, 4, 4, 4, 4, 4, 4, 4, 4, 4, 4, 4, 4, 4, 
    4, 4, 4, 4, 4, 4, 4, 4, 4, 4, 4, 4, 4, 4, 4, 4, 4, 4, 4, 4, 4, 4, 4, 4, 4, 4, 4, 4, 4, 4, 4, 4, 
    4, 4, 4, 4, 4, 4, 4, 4, 4, 4, 4, 4, 4, 4, 4, 4, 4, 4, 4, 4, 4, 4, 4, 4, 4, 4, 4, 4, 4, 4, 4, 4, 
    4, 4, 4, 3, 3, 3, 3, 3, 139, 3, 140, 141, 142, 3, 143, 3, 3, 3, 3, 3, 144, 145, 146, 147, 148, 3, 149, 110, 3, 150, 151, 152, 
    153, 3, 154, 155, 3, 156, 157, 4, 4, 61, 158, 159, 160, 161, 162, 3, 3, 163, 164, 165, 166, 4, 4, 3, 3, 3, 3, 167, 168, 4, 4, 169, 
    170, 171, 172, 173, 4, 174, 145, 175, 176, 177, 178, 179, 180, 181, 4, 3, 182, 183, 184, 185, 4, 4, 4, 4, 186, 4, 4, 165, 187, 4, 4, 188, 
    189, 190, 191, 192, 193, 194, 195, 196, 4, 197, 198, 199, 200, 4, 4, 125, 201, 202, 203, 4, 4, 204, 205, 206, 207, 208, 209, 210, 4, 4, 4, 211, 
    4, 0, 212, 4, 4, 4, 4, 213, 214, 215, 62, 4, 4, 4, 4, 216, 217, 218, 4, 219, 220, 221, 4, 4, 4, 4, 222, 4, 4, 4, 4, 3, 
    3, 3, 3, 3, 3, 3, 3, 3, 3, 3, 3, 3, 3, 140, 4, 3, 223, 3, 3, 3, 224, 4, 4, 4, 4, 4, 4, 4, 4, 4, 4, 4, 
    4, 4, 4, 4, 4, 4, 4, 4, 4, 4, 4, 4, 4, 4, 4, 4, 4, 4, 4, 4, 4, 4, 4, 4, 4, 4, 4, 4, 4, 4, 4, 3, 
    3, 3, 3, 3, 3, 3, 3, 3, 3, 3, 3, 3, 3, 3, 3, 225, 4, 4, 4, 4, 4, 4, 4, 4, 4, 4, 4, 4, 4, 4, 4, 4, 
    4, 4, 4, 4, 4, 4, 4, 4, 4, 4, 4, 4, 4, 4, 4, 4, 4, 4, 4, 4, 4, 4, 4, 4, 4, 4, 4, 4, 4, 4, 4, 4, 
    4, 4, 4, 4, 4, 4, 4, 4, 4, 4, 4, 4, 4, 4, 4, 3, 3, 3, 3, 3, 3, 3, 3, 3, 226, 4, 4, 4, 4, 4, 4, 4, 
    4, 4, 4, 4, 4, 4, 4, 4, 4, 4, 4, 4, 4, 4, 4, 4, 4, 4, 4, 4, 4, 4, 4, 4, 4, 4, 4, 4, 4, 4, 4, 4, 
    4, 4, 4, 4, 4, 4, 4, 4, 4, 4, 4, 4, 4, 4, 4, 4, 4, 4, 4, 4, 4, 4, 4, 4, 4, 4, 4, 4, 4, 4, 4, 4, 
    4, 4, 4, 4, 4, 4, 4, 4, 4, 4, 4, 4, 4, 4, 4, 4, 4, 4, 4, 4, 4, 4, 4, 4, 4, 4, 4, 4, 4, 4, 4, 4, 
    4, 4, 4, 4, 4, 4, 4, 4, 4, 4, 4, 4, 4, 4, 4, 4, 4, 4, 4, 4, 4, 4, 4, 4, 4, 4, 4, 4, 4, 4, 4, 3, 
    3, 3, 3, 3, 3, 3, 3, 62, 227, 4, 228, 229, 230, 231, 4, 4, 4, 4, 4, 4, 4, 4, 4, 4, 3, 232, 4, 3, 233, 234, 235, 3, 
    3, 3, 3, 3, 3, 3, 3, 3, 3, 3, 3, 3, 3, 3, 3, 3, 3, 3, 3, 3, 3, 3, 3, 3, 3, 3, 3, 3, 3, 3, 3, 3, 
    3, 3, 3, 3, 3, 3, 3, 3, 3, 3, 3, 3, 3, 3, 3, 3, 3, 3, 3, 3, 3, 3, 3, 3, 3, 3, 3, 3, 3, 3, 3, 3, 
    3, 3, 3, 3, 3, 3, 3, 3, 3, 3, 3, 3, 3, 3, 3, 3, 3, 3, 3, 3, 3, 3, 3, 3, 3, 3, 3, 3, 3, 3, 236, 3, 
    3, 3, 3, 3, 3, 3, 3, 3, 3, 3, 183, 4, 4, 4, 4, 4, 4, 4, 4, 4, 4, 4, 4, 4, 4, 4, 4, 4, 4, 4, 4, 4, 
    4, 4, 4, 4, 4, 4, 4, 4, 4, 4, 4, 4, 4, 4, 4, 4, 4, 4, 4, 4, 4, 4, 4, 4, 4, 4, 4, 4, 4, 4, 4, 4, 
    4, 4, 4, 4, 4, 4, 4, 4, 4, 4, 4, 4, 4, 4, 4, 4, 4, 4, 4, 4, 4, 4, 4, 4, 4, 4, 4, 4, 4, 4, 4, 4, 
    4, 4, 4, 4, 4, 4, 4, 4, 4, 4, 4, 4, 4, 4, 4, 4, 4, 4, 4, 4, 4, 4, 4, 4, 4, 4, 4, 4, 4, 4, 4, 4, 
    4, 4, 4, 4, 4, 4, 4, 4, 4, 4, 4, 4, 4, 4, 4, 4, 4, 4, 4, 4, 4, 4, 4, 4, 4, 4, 4, 4, 4, 4, 4, 3, 
    3, 3, 3, 237, 238, 3, 3, 3, 3, 3, 239, 4, 4, 4, 4, 4, 4, 4, 4, 4, 4, 4, 4, 4, 4, 4, 4, 4, 4, 4, 4, 4, 
    4, 4, 4, 4, 4, 4, 4, 4, 4, 4, 4, 4, 4, 4, 4, 3, 240, 241, 4, 4, 4, 4, 4, 4, 4, 4, 4, 4, 4, 4, 4, 4, 
    4, 4, 4, 4, 4, 4, 4, 4, 4, 4, 4, 4, 4, 4, 4, 4, 4, 4, 4, 4, 4, 4, 4, 4, 4, 4, 4, 4, 4, 4, 4, 4, 
    4, 4, 4, 4, 4, 4, 4, 4, 4, 4, 4, 4, 4, 4, 4, 4, 4, 4, 4, 4, 4, 4, 4, 4, 4, 4, 4, 4, 4, 4, 4, 3, 
    3, 3, 69, 242, 243, 244, 245, 3, 246, 4, 247, 3, 248, 4, 4, 3, 249, 250, 251, 252, 253, 3, 3, 3, 3, 254, 3, 3, 3, 3, 255, 3, 
    3, 3, 3, 3, 3, 3, 3, 256, 257, 258, 4, 4, 4, 4, 4, 4, 4, 4, 4, 4, 4, 4, 4, 4, 4, 4, 4, 4, 4, 4, 4, 4, 
    4, 4, 4, 4, 4, 4, 4, 4, 4, 4, 4, 4, 4, 4, 4, 4, 4, 4, 4, 4, 4, 4, 4, 4, 4, 4, 4, 4, 4, 4, 4, 3, 
    3, 3, 259, 3, 260, 4, 4, 4, 4, 4, 4, 4, 4, 4, 4, 4, 261, 262, 4, 4, 4, 4, 4, 263, 264, 265, 266, 4, 4, 4, 4, 72, 
    3, 267, 268, 116, 72, 269, 270, 271, 272, 4, 4, 3, 3, 3, 3, 3, 3, 3, 3, 3, 3, 3, 3, 3, 3, 3, 273, 3, 107, 3, 274, 92, 
    275, 276, 4, 277, 278, 279, 280, 4, 281, 4, 4, 4, 4, 4, 4, 4, 4, 4, 4, 4, 4, 4, 4, 4, 4, 4, 4, 4, 4, 4, 4, 3, 
    3, 3, 3, 3, 3, 3, 3, 3, 3, 3, 3, 3, 3, 3, 3, 3, 3, 3, 3, 3, 3, 3, 3, 3, 3, 3, 3, 3, 3, 3, 3, 3, 
    3, 3, 3, 3, 3, 3, 3, 3, 3, 3, 3, 3, 3, 3, 3, 3, 3, 3, 3, 3, 3, 3, 3, 3, 3, 3, 3, 3, 3, 3, 3, 3, 
    3, 3, 3, 3, 3, 3, 3, 3, 3, 3, 3, 3, 3, 3, 3, 3, 3, 3, 3, 3, 3, 3, 3, 3, 3, 3, 3, 3, 3, 3, 3, 3, 
    3, 3, 3, 3, 3, 3, 3, 3, 3, 3, 3, 3, 3, 3, 3, 3, 3, 3, 3, 3, 3, 3, 3, 3, 3, 3, 3, 3, 3, 3, 3, 3, 
    3, 3, 3, 3, 3, 3, 3, 3, 3, 3, 3, 3, 3, 3, 3, 3, 3, 3, 3, 3, 3, 3, 3, 3, 3, 3, 282, 3, 3, 3, 3, 3, 
    3, 3, 3, 3, 3, 3, 3, 3, 3, 3, 3, 3, 3, 3, 3, 3, 3, 3, 3, 3, 3, 3, 3, 3, 3, 3, 3, 3, 3, 3, 3, 3, 
    3, 3, 3, 3, 3, 3, 3, 3, 3, 3, 3, 3, 3, 3, 3, 3, 3, 3, 3, 3, 3, 3, 3, 3, 3, 3, 3, 262, 3, 3, 3, 120, 
    3, 3, 3, 3, 3, 3, 3, 3, 3, 3, 3, 3, 3, 3, 3, 3, 3, 3, 3, 3, 3, 3, 3, 3, 3, 3, 3, 3, 3, 3, 3, 3, 
    3, 3, 3, 3, 3, 3, 3, 3, 3, 3, 3, 3, 3, 3, 3, 3, 3, 3, 3, 3, 3, 3, 3, 3, 3, 3, 3, 3, 3, 3, 3, 3, 
    3, 3, 3, 3, 3, 3, 3, 3, 3, 3, 3, 3, 3, 3, 3, 3, 3, 3, 3, 3, 3, 3, 3, 3, 3, 283, 3, 3, 3, 3, 3, 3, 
    3, 3, 3, 3, 3, 3, 3, 3, 3, 3, 3, 3, 3, 3, 3, 3, 3, 3, 3, 3, 3, 3, 3, 3, 3, 3, 3, 3, 3, 3, 3, 3, 
    3, 3, 3, 3, 3, 3, 3, 3, 3, 3, 3, 3, 3, 3, 3, 3, 3, 3, 3, 3, 3, 3, 3, 3, 3, 3, 3, 3, 3, 3, 3, 3, 
    3, 3, 3, 3, 3, 3, 3, 3, 3, 3, 3, 3, 3, 3, 3, 3, 3, 3, 3, 3, 3, 3, 3, 3, 3, 3, 3, 3, 3, 3, 3, 3, 
    3, 3, 3, 3, 3, 3, 3, 3, 3, 3, 3, 3, 3, 3, 284, 4, 4, 4, 4, 4, 4, 4, 4, 4, 4, 4, 4, 4, 4, 4, 4, 4, 
    4, 4, 4, 4, 4, 4, 4, 4, 4, 4, 4, 4, 4, 4, 4, 4, 4, 4, 4, 4, 4, 4, 4, 4, 4, 4, 4, 4, 4, 4, 4, 3, 
    3, 3, 3, 3, 3, 3, 3, 285, 4, 4, 4, 4, 4, 4, 4, 4, 4, 4, 4, 4, 4, 4, 4, 4, 4, 4, 4, 4, 4, 4, 4, 4, 
    4, 4, 4, 4, 4, 4, 4, 4, 4, 4, 4, 4, 4, 4, 4, 4, 4, 4, 4, 4, 4, 4, 4, 4, 4, 4, 4, 4, 4, 4, 4, 4, 
    4, 4, 4, 4, 4, 4, 4, 4, 4, 4, 4, 4, 4, 4, 4, 4, 4, 4, 4, 4, 4, 4, 4, 4, 4, 4, 4, 4, 4, 4, 4, 4, 
    4, 4, 4, 4, 4, 4, 4, 4, 4, 4, 4, 4, 4, 4, 4, 4, 4, 4, 4, 4, 4, 4, 4, 4, 4, 4, 4, 4, 4, 4, 4, 4, 
    4, 4, 4, 4, 4, 4, 4, 4, 4, 4, 4, 4, 4, 4, 4, 4, 4, 4, 4, 4, 4, 4, 4, 4, 4, 4, 4, 4, 4, 4, 4, 4, 
    4, 4, 4, 4, 4, 4, 4, 4, 4, 4, 4, 4, 4, 4, 4, 4, 4, 4, 4, 4, 4, 4, 4, 4, 4, 4, 4, 4, 4, 4, 4, 4, 
    4, 4, 4, 4, 4, 4, 4, 4, 4, 4, 4, 4, 4, 4, 4, 4, 4, 4, 4, 4, 4, 4, 4, 4, 4, 4, 4, 4, 4, 4, 4, 4, 
    4, 4, 4, 4, 4, 4, 4, 4, 4, 4, 4, 4, 4, 4, 4, 4, 4, 4, 4, 4, 4, 4, 4, 4, 4, 4, 4, 4, 4, 4, 4, 4, 
    4, 4, 4, 4, 4, 4, 4, 4, 4, 4, 4, 4, 4, 4, 4, 4, 4, 4, 4, 4, 4, 4, 4, 4, 4, 4, 4, 4, 4, 4, 4, 4, 
    4, 4, 4, 4, 4, 4, 4, 0, 0, 0, 0, 0, 0, 0, 0, 0, 0, 0, 0, 0, 0, 0, 0, 0, 0, 0, 0, 0, 0, 0, 0, 0, 
    0, 0, 0, 0, 0, 0, 0, 0, 0, 0, 0, 0, 0, 0, 0, 0, 0, 0, 0, 0, 0, 0, 0, 0, 0, 0, 0, 0, 0, 0, 0, 0, 
    0, 0, 0, 0, 0, 0, 0, 0, 0, 0, 0, 0, 0, 0, 0, 0, 0, 0, 0, 0, 0, 0, 0, 0, 0, 0, 0, 0, 0, 0, 0, 0, 
    0, 0, 0, 0, 0, 0, 0, 0, 0, 0, 0, 0, 0, 0, 0, 0, 0, 0, 0, 0, 0, 0, 0, 0, 0, 0, 0, 0, 0, 0, 0, 0, 
    0, 0, 0, 0, 0, 0, 0, 0, 0, 0, 0, 0, 0, 0, 0, 0, 0, 0, 0, 0, 0, 0, 0, 0, 0, 0, 0, 0, 0, 0, 0, 0, 
    0, 0, 0, 0, 0, 0, 0, 0, 0, 0, 0, 0, 0, 0, 0, 0, 0, 0, 0, 0, 0, 0, 0, 0, 0, 0, 0, 0, 0, 0, 0, 0, 
    0, 0, 0, 0, 0, 0, 0, 0, 0, 0, 0, 0, 0, 0, 0, 0, 0, 0, 0, 0, 0, 0, 0, 0, 0, 0, 0, 0, 0, 0, 0, 0, 
    0, 0, 0, 0, 0, 0, 0, 0, 0, 0, 0, 0, 0, 0, 0, 0, 0, 0, 0, 0, 0, 0, 0, 0, 0, 0, 0, 0, 0, 0, 0, 0, 
    0, 0, 0, 0, 0, 0, 0, 0, 0, 0, 0, 0, 0, 0, 0, 0, 0, 0, 0, 0, 0, 0, 0, 0, 0, 0, 0, 0, 0, 0, 0, 0, 
    0, 0, 0, 0, 0, 0, 0, 0, 0, 0, 0, 0, 0, 0, 0, 0, 0, 0, 0, 0, 0, 0, 0, 0, 0, 0, 0, 0, 0, 0, 0, 0, 
    0, 0, 0, 0, 0, 0, 0, 0, 0, 0, 0, 0, 0, 0, 0, 0, 0, 0, 0, 0, 0, 0, 0, 0, 0, 0, 0, 0, 0, 0, 0, 0, 
    0, 0, 0, 0, 0, 0, 0, 0, 0, 0, 0, 0, 0, 0, 0, 0, 0, 0, 0, 0, 0, 0, 0, 0, 0, 0, 0, 0, 0, 0, 0, 0, 
    0, 0, 0, 0, 0, 0, 0, 0, 0, 0, 0, 0, 0, 0, 0, 0, 0, 0, 0, 0, 0, 0, 0, 0, 0, 0, 0, 0, 0, 0, 0, 0, 
    0, 0, 0, 0, 0, 0, 0, 0, 0, 0, 0, 0, 0, 0, 0, 0, 0, 0, 0, 0, 0, 0, 0, 0, 0, 0, 0, 0, 0, 0, 0, 0, 
    0, 0, 0, 0, 0, 0, 0, 0, 0, 0, 0, 0, 0, 0, 0, 0, 0, 0, 0, 0, 0, 0, 0, 0, 0, 0, 0, 0, 0, 0, 0, 0, 
    0, 0, 0, 0, 0, 0, 0, 0, 0, 0, 0, 0, 0, 0, 0, 0, 0, 0, 0, 0, 0, 0, 0, 0, 0, 0, 0, 0, 0, 0, 0
};

uint64_t grapheme_base_leaves[] = 
{
    18446744069414584320, 9223372036854775807, 18446708885042495488, 18446744073709551615, 0, 
    18230289816619057152, 18446744056529672176, 18446744073709550599, 18446462598732840959, 
    18446744073684385791, 4611686018427447295, 8875257859342409, 18446744072770092992, 
    18446462594437875711, 18446676317383426047, 281474976530431, 18446744073709543424, 
    563224831328255, 14407024004051238911, 9223091730180472831, 8792905351167, 
    4602678814877679616, 17005592192950992888, 18446744022153289217, 11801117674547290093, 
    4611685759387195777, 14082190885810440168, 26176899533242369, 16424062692043243496, 
    145240825989765633, 2589004636760940524, 72057334997719425, 9511539847517292520, 
    576460477425589702, 2594071186342010862, 18374967692772769822, 7201253605142028285, 
    1970063917714843, 12105675798371753964, 18446743816002133441, 3457638613854978028, 
    8162501577605247, 9227312686528724990, 268402815, 2309762420256548246, 
    4093575263, 18257592889309659135, 9223407221226864383, 13835058055282171680, 
    134209471, 11025410022128484351, 18438299816841707519, 18446744073172672411, 
    18446744073709494463, 18446744070446333439, 9168765891372858879, 18446744073701162813, 
    18446744073696837631, 2305843005052944383, 18446744069481693183, 4557642822898941951, 
    18446744069951455231, 144115188075855871, 28147493376352255, 527761286627327, 
    13857576053419016191, 287953295462367679, 18446744069481629695, 18446469195802607519, 
    18014398509481983, 142723723898650623, 8796093022207985, 18446480190918885375, 
    18446744072769963007, 18446744072744861695, 2216727123329023, 70364516254719, 
    16730872615681392624, 2301348205679284219, 18446678944825475068, 17297302248526708735, 
    17883811712474284031, 18446744073709544447, 16717361816799216127, 67516619605672191, 
    18446744070475743231, 4611686017001275199, 18437736874454810623, 9213520412398321631, 
    18446604435732760575, 18443084903307280383, 18446744069951422463, 18446744073709490175, 
    549755813887, 18446744069414586367, 18433233274827440127, 18446744073696968703, 
    9223372036854775295, 18446603336221196287, 18446744071562067967, 18306147322842578943, 
    18446498607738650623, 423311976693759, 9187201948305063935, 2139062143, 
    32767, 18446744073642442751, 4503599627370495, 1152640029634330623, 
    18446466996779352063, 18446744073709551614, 18446744073583722495, 18446462598732840928, 
    576460752303390719, 18446462667452317695, 281474976710655, 18446744073709494271, 
    18446744073709486207, 17592186044415, 13837450592584204287, 18446744070488326143, 
    71213169107795967, 288230376151711743, 18410715276690587648, 287966081044182971, 
    72057594037927935, 9222246137015025679, 18446673979843280895, 2305843007066996863, 
    17021354791646789624, 9223371898409172991, 7179810929377279, 17293822568901324791, 
    4495436853045886975, 17961621817131013, 18446602782178705022, 18446462873610747903, 
    287982848596508671, 1152921504606845055, 18446532967477018623, 67108863, 
    6881500229027758207, 18446744073709551579, 18446744073709027331, 18446744073709486080, 
    18446744073709355007, 4611404543450677503, 18446462598799884288, 18437472441907806207, 
    2305843009213693951, 9223372033633550335, 3458904697744456956, 13258596753222922239, 
    1073692671, 576460752303423487, 18415218876317958023, 4563369983, 
    2305843009213628416, 1152921496017043455, 18446708958056939519, 18014398509418495, 
    18446744072635809791, 4194063, 18446466993558126591, 1152921504591118335, 
    18446463698244468735, 140806207832063, 36028797018963967, 1095220854783, 
    10502394331027995967, 18446744073705357311, 280927368380415, 17886045915806957568, 
    9511602411127439359, 17365880163140632575, 18014398491590657, 18446744069448073727, 
    4294967295, 36020138364895231, 18320643284143177727, 18376938279472726015, 
    279276457033727, 511, 2251799813685247, 18160765497371525119, 
    287948969894477823, 9223372032559808512, 66977855, 72057594037927933, 
    281474976464768, 15674778503063011324, 287951100198191107, 18428747817141927928, 
    33776997205213311, 9241386435364257788, 9007194959716863, 4552154060852822015, 
    18446466995705593215, 287948933387255807, 11812376673615716332, 68182686110, 
    738197411, 6487153788250488831, 67043570, 5693535091414794239, 
    268435454, 6343320075151343615, 35180144164894, 18251893021081599, 
    1023, 18446462886629867519, 648659083829706751, 9225623836668461055, 
    9657969400896026625, 18446744073466347647, 34301019087, 4611967493404098047, 
    18446497783104864319, 5068748604112895, 562949953420159, 18446741595580465216, 
    4393774120959, 137359784339832832, 8866461766385663, 15, 
    140737488355327, 127, 215502131560447, 9077567998853120, 
    18410996751667298303, 16212958641286742079, 65535, 134217727, 
    9223372036854710303, 4294443008, 12884901888, 1125899906842623, 
    2147483647, 18446462598732840960, 1152921504606846975, 2305570330330005503, 
    2482962943, 18446742424442109951, 66383014526975, 18446678103011880984, 
    2199023255551, 35, 4503595332403200, 144115183789277183, 
    18446744073707454463, 17005555242810474495, 18446744073709551599, 8935141660164089791, 
    18446744073709419615, 18446743249075830783, 18446744073709539327, 540431955284459520, 
    18437701690082721792, 4079, 65439, 3288268815, 
    18446181123756130304, 9007199254740991, 790380184120328175, 6843210385291930244, 
    1152917029519358975, 844424930131968, 18446321856950566911, 18014398509416446, 
    35184372088831, 18446743798831644672, 1152921504606781447, 270583136767, 
    287984081254219775, 33554431, 18446744069481627903, 70368744112383, 
    9223372036854714367, 17616392892413116415, 287948935534739455, 18446744073709486087, 
    70364449210368, 8388607, 18446462615912710143, 8589934591, 
    1073741823
};

