uint16_t id_continue_table1[] = 
{
    0, 256, 512, 768, 1024, 1280, 1536, 1792, 312, 312, 2560, 2816, 3072, 2537, 2537, 2537, 2537, 2537, 2537, 2537, 2537, 2537, 2537, 2537, 2537, 2537, 2537, 2537, 2537, 2537, 2537, 2537, 2537, 
    2537, 2537, 2537, 2537, 2537, 2537, 2537, 2537, 2537, 2537, 2537, 2537, 2537, 2537, 2537, 2537, 2537, 2537, 2537, 2537, 2537, 2537, 2537, 14336, 14592, 2824, 2824, 2824, 2824, 2824, 2824, 2824, 
    2824, 2824, 2824, 2824, 2824, 2824, 2824, 2824, 2824, 2824, 2824, 2824, 2824, 2824, 2824, 2824, 2824, 2824, 2824, 2824, 2824, 2824, 2824, 2824, 2824, 2824, 2824, 2824, 2824, 2824, 2824, 2824, 
    2824, 2824, 2824, 2824, 2824, 2824, 2824, 2824, 2824, 2824, 2824, 2824, 2824, 2824, 2824, 2824, 2824, 2824, 2824, 2824, 2824, 2824, 2824, 2824, 2824, 2824, 2824, 2824, 2824, 2824, 2824, 2824, 
    2824, 2824, 2824, 2824, 2824, 2824, 2824, 2824, 2824, 2824, 2824, 2824, 2824, 2824, 2824, 2824, 2824, 2824, 2824, 2824, 2824, 2824, 2824, 2824, 2824, 2824, 2824, 2824, 2824, 2824, 2824, 2824, 
    2824, 2824, 2824, 2824, 2824, 2824, 2824, 2824, 2824, 2824, 2824, 2824, 2824, 2824, 2824, 2824, 2824, 2824, 2824, 2824, 2824, 2824, 2824, 2824, 2824, 2824, 2824, 2824, 2824, 2824, 2824, 2824, 
    2824, 2824, 2824, 2824, 2824, 2824, 2824, 2824, 2824, 2824, 2824, 2824, 2824, 2824, 2824, 2824, 2824, 2824, 2824, 2824, 2824, 2824, 2824, 2824, 2824, 2824, 2824, 2824, 2824, 2824, 2824, 2824, 
    2824, 2824, 2824, 2824, 2824, 2824, 2824, 2824, 2824, 2824, 2824, 2824, 2824, 2824, 2824, 2824, 2824, 2824, 2824, 2824, 2824, 2824, 2824, 2824, 2824, 2824, 2824, 2824, 2824, 2824, 2824
};

uint16_t id_continue_table2[] = 
{
    0, 1, 2, 3, 4, 4, 4, 4, 4, 4, 4, 5, 4, 6, 7, 8, 4, 4, 9, 4, 10, 11, 12, 13, 14, 15, 4, 16, 17, 18, 19, 20, 21, 
    22, 23, 24, 4, 25, 26, 27, 28, 29, 30, 31, 32, 33, 34, 35, 36, 37, 38, 39, 40, 41, 42, 43, 44, 45, 46, 47, 48, 49, 50, 51, 4, 
    52, 53, 54, 4, 4, 4, 4, 4, 55, 56, 57, 58, 59, 60, 61, 62, 4, 4, 4, 4, 4, 4, 4, 4, 63, 64, 65, 66, 67, 4, 68, 69, 
    70, 71, 72, 73, 74, 75, 76, 77, 78, 79, 80, 4, 81, 4, 82, 83, 84, 85, 86, 4, 4, 4, 87, 4, 4, 4, 4, 88, 89, 90, 91, 92, 
    93, 94, 95, 96, 97, 98, 80, 80, 80, 80, 80, 80, 80, 80, 80, 80, 80, 80, 80, 80, 80, 80, 80, 80, 80, 80, 80, 80, 80, 80, 80, 80, 
    80, 80, 80, 80, 80, 80, 80, 80, 80, 80, 80, 80, 80, 80, 80, 99, 100, 4, 101, 102, 103, 104, 105, 80, 80, 80, 80, 80, 80, 80, 80, 106, 
    62, 107, 108, 109, 4, 110, 111, 80, 80, 80, 80, 80, 80, 80, 80, 4, 4, 4, 4, 4, 4, 4, 4, 4, 4, 4, 4, 4, 4, 4, 4, 4, 
    4, 4, 4, 4, 4, 4, 4, 4, 4, 4, 4, 4, 4, 4, 4, 4, 4, 4, 4, 4, 4, 4, 4, 4, 4, 4, 4, 4, 4, 4, 4, 4, 
    4, 4, 4, 4, 4, 4, 4, 4, 4, 4, 4, 4, 4, 4, 4, 4, 4, 4, 4, 4, 4, 4, 4, 4, 4, 4, 4, 4, 4, 4, 4, 4, 
    4, 4, 4, 4, 4, 4, 4, 4, 4, 4, 4, 4, 4, 4, 4, 4, 4, 4, 4, 4, 4, 72, 80, 4, 4, 4, 4, 4, 4, 4, 4, 4, 
    4, 4, 4, 4, 4, 4, 4, 4, 4, 4, 4, 4, 4, 4, 4, 4, 4, 4, 4, 4, 4, 4, 4, 4, 4, 4, 4, 4, 4, 4, 4, 4, 
    4, 4, 4, 4, 4, 4, 4, 4, 4, 4, 4, 4, 4, 4, 4, 4, 4, 4, 4, 4, 4, 4, 4, 4, 4, 4, 4, 4, 4, 4, 4, 4, 
    4, 4, 4, 4, 4, 4, 4, 4, 4, 4, 4, 4, 4, 4, 4, 4, 4, 4, 4, 4, 4, 4, 4, 4, 4, 4, 4, 4, 4, 4, 4, 4, 
    4, 4, 4, 4, 4, 4, 4, 4, 4, 4, 4, 4, 4, 4, 4, 4, 4, 4, 4, 4, 4, 4, 4, 4, 4, 4, 4, 4, 4, 4, 4, 4, 
    4, 4, 4, 4, 4, 4, 4, 4, 4, 4, 4, 4, 4, 4, 4, 4, 4, 4, 4, 4, 4, 4, 4, 4, 4, 4, 4, 4, 4, 4, 4, 4, 
    4, 4, 4, 4, 4, 4, 4, 4, 4, 4, 4, 4, 4, 4, 4, 4, 4, 4, 4, 4, 4, 4, 4, 4, 4, 4, 4, 4, 4, 4, 4, 4, 
    4, 4, 4, 4, 4, 4, 4, 4, 4, 4, 4, 4, 4, 4, 4, 4, 4, 4, 4, 4, 4, 4, 4, 4, 4, 4, 4, 4, 4, 4, 4, 4, 
    4, 4, 4, 4, 4, 4, 4, 4, 4, 4, 4, 4, 4, 4, 4, 4, 4, 4, 4, 4, 4, 4, 4, 4, 4, 4, 4, 4, 4, 4, 4, 4, 
    4, 4, 4, 4, 4, 4, 4, 4, 4, 4, 4, 4, 4, 4, 4, 4, 4, 4, 4, 4, 4, 4, 4, 4, 4, 4, 4, 4, 4, 4, 4, 4, 
    4, 4, 4, 4, 4, 4, 4, 4, 4, 4, 4, 4, 4, 4, 4, 4, 4, 4, 4, 4, 4, 4, 4, 4, 4, 4, 4, 4, 4, 4, 112, 4, 
    4, 4, 4, 4, 4, 4, 4, 4, 4, 4, 4, 4, 4, 4, 4, 4, 4, 113, 114, 4, 4, 4, 4, 115, 116, 4, 19, 117, 4, 118, 119, 120, 
    82, 4, 121, 122, 123, 4, 124, 125, 126, 4, 127, 128, 129, 4, 130, 4, 4, 4, 4, 4, 4, 4, 4, 4, 4, 4, 4, 4, 4, 4, 4, 4, 
    4, 4, 4, 4, 4, 4, 4, 4, 4, 4, 4, 4, 4, 4, 4, 4, 4, 4, 4, 4, 4, 4, 4, 4, 4, 4, 4, 4, 4, 4, 4, 4, 
    4, 4, 4, 4, 4, 4, 4, 4, 4, 4, 4, 4, 4, 4, 4, 4, 4, 4, 4, 4, 4, 4, 4, 4, 4, 4, 4, 4, 4, 4, 4, 4, 
    4, 4, 4, 4, 4, 4, 4, 4, 4, 4, 4, 4, 4, 4, 4, 4, 4, 4, 4, 4, 4, 4, 4, 4, 4, 4, 4, 4, 4, 4, 4, 4, 
    4, 4, 4, 4, 4, 4, 4, 4, 4, 4, 4, 4, 4, 4, 4, 4, 4, 4, 4, 4, 4, 4, 4, 4, 4, 4, 4, 4, 4, 4, 4, 4, 
    4, 4, 4, 4, 4, 4, 4, 4, 4, 4, 4, 4, 4, 4, 4, 4, 4, 4, 4, 4, 4, 4, 4, 4, 4, 4, 4, 4, 4, 131, 132, 80, 
    80, 80, 80, 80, 80, 80, 80, 80, 80, 80, 80, 80, 80, 80, 80, 80, 80, 80, 80, 80, 80, 80, 80, 80, 80, 80, 80, 80, 80, 80, 80, 80, 
    80, 80, 80, 80, 80, 80, 80, 80, 80, 80, 80, 80, 80, 80, 80, 80, 80, 80, 80, 80, 80, 80, 80, 80, 80, 80, 80, 80, 80, 80, 80, 80, 
    80, 80, 80, 80, 80, 80, 80, 80, 80, 80, 80, 80, 80, 80, 80, 80, 80, 80, 80, 80, 80, 80, 80, 80, 80, 80, 80, 80, 80, 80, 80, 80, 
    80, 80, 80, 80, 80, 80, 80, 80, 80, 80, 80, 80, 80, 80, 80, 80, 80, 80, 80, 80, 80, 80, 80, 80, 80, 80, 80, 80, 80, 80, 80, 80, 
    80, 80, 80, 4, 4, 4, 4, 4, 122, 4, 133, 134, 135, 19, 136, 4, 4, 4, 4, 137, 17, 138, 139, 140, 141, 4, 142, 143, 144, 145, 146, 147, 
    148, 4, 149, 80, 150, 80, 151, 80, 80, 152, 153, 154, 155, 53, 156, 4, 4, 157, 158, 159, 160, 80, 80, 4, 4, 4, 4, 125, 161, 80, 80, 162, 
    163, 164, 165, 166, 80, 167, 80, 168, 169, 170, 171, 72, 172, 173, 80, 4, 98, 174, 174, 175, 80, 80, 80, 80, 80, 80, 80, 176, 177, 80, 80, 4, 
    178, 149, 179, 180, 181, 4, 182, 183, 80, 184, 185, 186, 187, 80, 80, 4, 188, 4, 189, 80, 80, 190, 191, 4, 192, 83, 193, 194, 80, 80, 80, 149, 
    80, 195, 196, 80, 80, 80, 80, 145, 197, 198, 70, 80, 80, 80, 80, 199, 200, 201, 80, 202, 203, 204, 80, 80, 80, 80, 205, 80, 80, 80, 80, 4, 
    4, 4, 4, 4, 4, 4, 4, 4, 4, 4, 4, 4, 4, 133, 80, 4, 206, 4, 4, 4, 207, 80, 80, 80, 80, 80, 80, 80, 80, 80, 80, 80, 
    80, 80, 80, 80, 80, 80, 80, 80, 80, 80, 80, 80, 80, 80, 80, 80, 80, 80, 80, 80, 80, 80, 80, 80, 80, 80, 80, 80, 80, 80, 80, 4, 
    4, 4, 4, 4, 4, 4, 4, 4, 4, 4, 4, 4, 4, 4, 4, 206, 80, 80, 80, 80, 80, 80, 80, 80, 80, 80, 80, 80, 80, 80, 80, 80, 
    80, 80, 80, 80, 80, 80, 80, 80, 80, 80, 80, 80, 80, 80, 80, 80, 80, 80, 80, 80, 80, 80, 80, 80, 80, 80, 80, 80, 80, 80, 80, 80, 
    80, 80, 80, 80, 80, 80, 80, 80, 80, 80, 80, 80, 80, 80, 80, 4, 4, 4, 4, 4, 4, 4, 4, 4, 208, 80, 80, 80, 80, 80, 80, 80, 
    80, 80, 80, 80, 80, 80, 80, 80, 80, 80, 80, 80, 80, 80, 80, 80, 80, 80, 80, 80, 80, 80, 80, 80, 80, 80, 80, 80, 80, 80, 80, 80, 
    80, 80, 80, 80, 80, 80, 80, 80, 80, 80, 80, 80, 80, 80, 80, 80, 80, 80, 80, 80, 80, 80, 80, 80, 80, 80, 80, 80, 80, 80, 80, 80, 
    80, 80, 80, 80, 80, 80, 80, 80, 80, 80, 80, 80, 80, 80, 80, 80, 80, 80, 80, 80, 80, 80, 80, 80, 80, 80, 80, 80, 80, 80, 80, 80, 
    80, 80, 80, 80, 80, 80, 80, 80, 80, 80, 80, 80, 80, 80, 80, 80, 80, 80, 80, 80, 80, 80, 80, 80, 80, 80, 80, 80, 80, 80, 80, 4, 
    4, 4, 4, 4, 4, 4, 4, 70, 209, 80, 210, 125, 211, 212, 80, 80, 80, 80, 80, 80, 80, 80, 80, 80, 4, 80, 80, 4, 213, 214, 215, 4, 
    4, 4, 4, 4, 4, 4, 4, 4, 4, 4, 4, 4, 4, 4, 4, 4, 4, 4, 4, 4, 4, 4, 4, 4, 4, 4, 4, 4, 4, 4, 4, 4, 
    4, 4, 4, 4, 4, 4, 4, 4, 4, 4, 4, 4, 4, 4, 4, 4, 4, 4, 4, 4, 4, 4, 4, 4, 4, 4, 4, 4, 4, 4, 4, 4, 
    4, 4, 4, 4, 4, 4, 4, 4, 4, 4, 4, 4, 4, 4, 4, 4, 4, 4, 4, 4, 4, 4, 4, 4, 4, 4, 4, 4, 4, 4, 19, 4, 
    4, 4, 4, 4, 4, 4, 4, 4, 4, 4, 174, 80, 80, 80, 80, 80, 80, 80, 80, 80, 80, 80, 80, 80, 80, 80, 80, 80, 80, 80, 80, 80, 
    80, 80, 80, 80, 80, 80, 80, 80, 80, 80, 80, 80, 80, 80, 80, 80, 80, 80, 80, 80, 80, 80, 80, 80, 80, 80, 80, 80, 80, 80, 80, 80, 
    80, 80, 80, 80, 80, 80, 80, 80, 80, 80, 80, 80, 80, 80, 80, 80, 80, 80, 80, 80, 80, 80, 80, 80, 80, 80, 80, 80, 80, 80, 80, 80, 
    80, 80, 80, 80, 80, 80, 80, 80, 80, 80, 80, 80, 80, 80, 80, 80, 80, 80, 80, 80, 80, 80, 80, 80, 80, 80, 80, 80, 80, 80, 80, 80, 
    80, 80, 80, 80, 80, 80, 80, 80, 80, 80, 80, 80, 80, 80, 80, 80, 80, 80, 80, 80, 80, 80, 80, 80, 80, 80, 80, 80, 80, 80, 80, 4, 
    4, 4, 4, 164, 111, 4, 4, 4, 4, 4, 216, 80, 80, 80, 80, 80, 80, 80, 80, 80, 80, 80, 80, 80, 80, 80, 80, 80, 80, 80, 80, 80, 
    80, 80, 80, 80, 80, 80, 80, 80, 80, 80, 80, 80, 80, 80, 80, 4, 217, 218, 80, 80, 80, 80, 80, 80, 80, 80, 80, 80, 80, 80, 80, 80, 
    80, 80, 80, 80, 80, 80, 80, 80, 80, 80, 80, 80, 80, 80, 80, 80, 80, 80, 80, 80, 80, 80, 80, 80, 80, 80, 80, 80, 80, 80, 80, 80, 
    80, 80, 80, 80, 80, 80, 80, 80, 80, 80, 80, 80, 80, 80, 80, 80, 80, 80, 80, 80, 80, 80, 80, 80, 80, 80, 80, 80, 80, 80, 80, 80, 
    80, 80, 80, 80, 219, 220, 80, 80, 221, 80, 80, 80, 80, 80, 80, 4, 222, 223, 224, 225, 226, 4, 4, 4, 4, 227, 228, 229, 230, 231, 232, 80, 
    80, 80, 80, 80, 80, 80, 80, 233, 234, 235, 80, 80, 80, 80, 80, 80, 80, 80, 80, 80, 80, 80, 80, 80, 80, 80, 80, 80, 80, 80, 80, 236, 
    80, 80, 80, 80, 80, 80, 80, 80, 80, 80, 80, 80, 80, 80, 80, 80, 80, 80, 80, 80, 80, 80, 80, 80, 80, 80, 80, 80, 80, 80, 80, 4, 
    4, 4, 237, 4, 238, 80, 80, 80, 80, 80, 80, 80, 80, 80, 80, 80, 80, 80, 80, 80, 80, 80, 80, 239, 240, 241, 80, 80, 80, 80, 80, 80, 
    80, 80, 80, 80, 80, 80, 80, 80, 80, 80, 80, 80, 80, 80, 80, 80, 80, 80, 80, 80, 80, 80, 80, 80, 80, 80, 80, 80, 80, 80, 80, 80, 
    80, 80, 80, 80, 80, 80, 80, 80, 80, 80, 80, 80, 80, 80, 80, 80, 80, 80, 80, 80, 80, 80, 80, 80, 80, 80, 80, 80, 80, 80, 80, 4, 
    4, 4, 4, 4, 4, 4, 4, 4, 4, 4, 4, 4, 4, 4, 4, 4, 4, 4, 4, 4, 4, 4, 4, 4, 4, 4, 4, 4, 4, 4, 4, 4, 
    4, 4, 4, 4, 4, 4, 4, 4, 4, 4, 4, 4, 4, 4, 4, 4, 4, 4, 4, 4, 4, 4, 4, 4, 4, 4, 4, 4, 4, 4, 4, 4, 
    4, 4, 4, 4, 4, 4, 4, 4, 4, 4, 4, 4, 4, 4, 4, 4, 4, 4, 4, 4, 4, 4, 4, 4, 4, 4, 4, 4, 4, 4, 4, 4, 
    4, 4, 4, 4, 4, 4, 4, 4, 4, 4, 4, 4, 4, 4, 4, 4, 4, 4, 4, 4, 4, 4, 4, 4, 4, 4, 4, 4, 4, 4, 4, 4, 
    4, 4, 4, 4, 4, 4, 4, 4, 4, 4, 4, 4, 4, 4, 4, 4, 4, 4, 4, 4, 4, 4, 4, 4, 4, 4, 242, 4, 4, 4, 4, 4, 
    4, 4, 4, 4, 4, 4, 4, 4, 4, 4, 4, 4, 4, 4, 4, 4, 4, 4, 4, 4, 4, 4, 4, 4, 4, 4, 4, 4, 4, 4, 4, 4, 
    4, 4, 4, 4, 4, 4, 4, 4, 4, 4, 4, 4, 4, 4, 4, 4, 4, 4, 4, 4, 4, 4, 4, 4, 4, 4, 4, 150, 4, 4, 4, 53, 
    4, 4, 4, 4, 4, 4, 4, 4, 4, 4, 4, 4, 4, 4, 4, 4, 4, 4, 4, 4, 4, 4, 4, 4, 4, 4, 4, 4, 4, 4, 4, 4, 
    4, 4, 4, 4, 4, 4, 4, 4, 4, 4, 4, 4, 4, 4, 4, 4, 4, 4, 4, 4, 4, 4, 4, 4, 4, 4, 4, 4, 4, 4, 4, 4, 
    4, 4, 4, 4, 4, 4, 4, 4, 4, 4, 4, 4, 4, 4, 4, 4, 4, 4, 4, 4, 4, 4, 4, 4, 4, 243, 4, 4, 4, 4, 4, 4, 
    4, 4, 4, 4, 4, 4, 4, 4, 4, 4, 4, 4, 4, 4, 4, 4, 4, 4, 4, 4, 4, 4, 4, 4, 4, 4, 4, 4, 4, 4, 4, 4, 
    4, 4, 4, 4, 4, 4, 4, 4, 4, 4, 4, 4, 4, 4, 4, 4, 4, 4, 4, 4, 4, 4, 4, 4, 4, 4, 4, 4, 4, 4, 4, 4, 
    4, 4, 4, 4, 4, 4, 4, 4, 4, 4, 4, 4, 4, 4, 4, 4, 4, 4, 4, 4, 4, 4, 4, 4, 4, 4, 4, 4, 4, 4, 4, 4, 
    4, 4, 4, 4, 4, 4, 4, 4, 4, 4, 4, 4, 4, 4, 244, 80, 80, 80, 80, 80, 80, 80, 80, 80, 80, 80, 80, 80, 80, 80, 80, 80, 
    80, 80, 80, 80, 80, 80, 80, 80, 80, 80, 80, 80, 80, 80, 80, 80, 80, 80, 80, 80, 80, 80, 80, 80, 80, 80, 80, 80, 80, 80, 80, 4, 
    4, 4, 4, 4, 4, 4, 4, 245, 80, 80, 80, 80, 80, 80, 80, 80, 80, 80, 80, 80, 80, 80, 80, 80, 80, 80, 80, 80, 80, 80, 80, 80, 
    80, 80, 80, 80, 80, 80, 80, 80, 80, 80, 80, 80, 80, 80, 80, 80, 80, 80, 80, 80, 80, 80, 80, 80, 80, 80, 80, 80, 80, 80, 80, 80, 
    80, 80, 80, 80, 80, 80, 80, 80, 80, 80, 80, 80, 80, 80, 80, 80, 80, 80, 80, 80, 80, 80, 80, 80, 80, 80, 80, 80, 80, 80, 80, 80, 
    80, 80, 80, 80, 80, 80, 80, 80, 80, 80, 80, 80, 80, 80, 80, 80, 80, 80, 80, 80, 80, 80, 80, 80, 80, 80, 80, 80, 80, 80, 80, 80, 
    80, 80, 80, 80, 80, 80, 80, 80, 80, 80, 80, 80, 80, 80, 80, 80, 80, 80, 80, 80, 80, 80, 80, 80, 80, 80, 80, 80, 80, 80, 80, 80, 
    80, 80, 80, 80, 80, 80, 80, 80, 80, 80, 80, 80, 80, 80, 80, 80, 80, 80, 80, 80, 80, 80, 80, 80, 80, 80, 80, 80, 80, 80, 80, 80, 
    80, 80, 80, 80, 80, 80, 80, 80, 80, 80, 80, 80, 80, 80, 80, 80, 80, 80, 80, 80, 80, 80, 80, 80, 80, 80, 80, 80, 80, 80, 80, 80, 
    80, 80, 80, 80, 80, 80, 80, 80, 80, 80, 80, 80, 80, 80, 80, 80, 80, 80, 80, 80, 80, 80, 80, 80, 80, 80, 80, 80, 80, 80, 80, 80, 
    80, 80, 80, 80, 80, 80, 80, 80, 80, 80, 80, 80, 80, 80, 80, 80, 80, 80, 80, 80, 80, 80, 80, 80, 80, 80, 80, 80, 80, 80, 80, 80, 
    80, 80, 80, 4, 4, 4, 112, 0, 0, 0, 0, 0, 0, 0, 0, 0, 0, 0, 0, 0, 0, 0, 0, 0, 0, 0, 0, 0, 0, 0, 0, 0, 
    0, 0, 0, 0, 0, 0, 0, 0, 0, 0, 0, 0, 0, 0, 0, 0, 0, 0, 0, 0, 0, 0, 0, 0, 0, 0, 0, 0, 0, 0, 0, 0, 
    0, 0, 0, 0, 0, 0, 0, 0, 0, 0, 0, 0, 0, 0, 0, 0, 0, 0, 0, 0, 0, 0, 0, 0, 0, 0, 0, 0, 0, 0, 0, 0, 
    0, 0, 0, 0, 0, 0, 0, 0, 0, 0, 0, 0, 0, 0, 0, 0, 0, 0, 0, 0, 0, 0, 0, 0, 0, 0, 0, 0, 0, 0, 0, 0, 
    0, 0, 0, 0, 0, 0, 0, 0, 0, 0, 0, 0, 0, 0, 0, 0, 0, 0, 0, 0, 0, 0, 0, 0, 0, 0, 0, 0, 0, 0, 0, 0, 
    0, 0, 0, 0, 0, 0, 0, 0, 0, 0, 0, 0, 0, 0, 0, 0, 0, 0, 0, 0, 0, 0, 0, 0, 0, 0, 0, 0, 0, 0, 0, 0, 
    0, 0, 0, 0, 0, 0, 0, 0, 0, 0, 0, 0, 0, 0, 0, 0, 0, 0, 0, 0, 0, 0, 0, 0, 0, 0, 0, 0, 0, 0, 0, 0, 
    0, 0, 0, 0, 0, 0, 0, 0, 0, 0, 0, 0, 0, 0, 0, 0, 0, 0, 0, 0, 0, 0, 0, 0, 0, 0, 0, 0, 0, 0, 0, 0, 
    0, 0, 0, 0, 0, 0, 0, 0, 0, 0, 0, 0, 0, 0, 0, 0, 0, 0, 0, 0, 0, 0, 0, 0, 0, 0, 0, 0, 0, 0, 0, 0, 
    0, 0, 0, 0, 0, 0, 0, 0, 0, 0, 0, 0, 0, 0, 0, 0, 0, 0, 0, 0, 0, 0, 0, 0, 0, 0, 0, 0, 0, 0, 0, 0, 
    0, 0, 0, 0, 0, 0, 0, 0, 0, 0, 0, 0, 0, 0, 0, 0, 0, 0, 0, 0, 0, 0, 0, 0, 0, 0, 0, 0, 0, 0, 0, 0, 
    0, 0, 0, 0, 0, 0, 0, 0, 0, 0, 0, 0, 0, 0, 0, 0, 0, 0, 0, 0, 0, 0, 0, 0, 0, 0, 0, 0, 0, 0, 0, 0, 
    0, 0, 0, 0, 0, 0, 0, 0, 0, 0, 0, 0, 0, 0, 0, 0, 0, 0, 0, 0, 0, 0, 0, 0, 0, 0, 0, 0, 0, 0, 0, 0, 
    0, 0, 0, 0, 0, 0, 0, 0, 0, 0, 0, 0, 0, 0, 0, 0, 0, 0, 0, 0, 0, 0, 0, 0, 0, 0, 0, 0, 0, 0, 0, 0, 
    0, 0, 0, 0, 0, 0, 0, 0, 0, 0, 0, 0, 0, 0, 0, 0, 0, 0, 0, 0, 0, 0, 0, 0, 0, 0, 0, 0, 0, 0, 0, 0, 
    0, 0, 0, 0, 0, 0, 0, 0, 0, 0, 0, 0, 0, 0, 0, 0, 0, 0, 0, 0, 0, 0, 0, 0, 0, 0, 0, 0, 0, 0, 0
};

uint64_t id_continue_leaves[] = 
{
    287948901175001088, 576460745995190270, 333270770471927808, 18410715276682199039, 18446744073709551615, 
    88094074470339, 13609878073913638911, 18446744056529672128, 18428729675200069631, 
    18446744073709550843, 18446462598732840959, 18446744069456527359, 13835058055282033151, 
    2119858418286774, 18446744069548736512, 18446678103011885055, 11529212845433552895, 
    18446744073709486080, 18446744073709545471, 1125899906842623, 2612087783874887679, 
    70368744177663, 8792066490367, 4602678814877679616, 18446744056529158144, 
    18446462392574410751, 17565725197581524975, 5765733215448889759, 15235112390417287150, 
    18014125208779143, 17576984196650090478, 18302910150157089727, 17576984196649951214, 
    844217442122143, 14123225865944680428, 281200107273671, 16429129241624174591, 
    281264647060959, 17577547146603651055, 1970115463626207, 18446744073709412335, 
    18158794964244397535, 3457638613854978028, 3658904103781503, 576460752303423486, 
    67076095, 4323434403644581270, 4093591391, 14024213633433600001, 
    18446216308128218879, 2305843009196916703, 64, 18446744073709487103, 
    18446744070488326143, 17870283321406070975, 18446744070446333439, 9168765891372858879, 
    18446744073701162813, 18446744073696837631, 1123704775901183, 18446744069414649855, 
    4557642822898941951, 18446744073709551614, 18446638520593285119, 18446744069548802046, 
    144053615424700415, 9007194961862655, 3905461007941631, 4394566287359, 
    18446744069481641984, 144115188075855871, 18446471394825863167, 18014398509481983, 
    1152657619668697087, 8796093022207936, 18446480190918885375, 134153215, 
    18446744069683019775, 11529215043920986111, 4611405093273535487, 0, 
    4494803601395711, 4503599627370495, 72057594037927935, 4611686018427380735, 
    16717361816799216127, 288230376151121920, 18158513697557839871, 18446744070475743231, 
    4611686017001275199, 6908521828386340863, 2295745090394464220, 9223372036854775808, 
    9223934986809245697, 536805376, 562821641207808, 17582049991377026180, 
    18446744069414601696, 511, 18446603336221196287, 18446744071562067967, 
    4494940973301759, 18446498607738650623, 9223513873854758911, 9187201948305063935, 
    18446744071553646463, 2251518330118602976, 18446744069389418495, 17870283321406128127, 
    18446462598732840928, 576460748008488959, 18446462598732840960, 281474976710655, 
    8191, 4611686018427322368, 17592185987071, 13830835930631503871, 
    18446744060816261120, 288230376151710207, 18410715276690587648, 1099511627775, 
    16789419406609285183, 18446532967477018623, 2305843004919775231, 9223372032626884609, 
    36028797018963967, 18194542490348896255, 35184368733388807, 18446602782178705022, 
    18446462873476530175, 288010473826156543, 18446462667452317695, 1152921504606845055, 
    67108863, 6881498031078244479, 18446744073709551579, 18446744073709027328, 
    4611686018427387903, 18446744073709355007, 1152640029630136575, 7036870122864639, 
    18437455399478157312, 2305843009213693951, 9799832780635308032, 18446743798965862398, 
    9223372036854775807, 486341884, 13258596753222922239, 1073692671, 
    576460752303423487, 9007199254740991, 2305843009213693952, 18446744069951455231, 
    4295098367, 18446708893632430079, 576460752303359999, 4128527, 
    18446466993558126591, 1152921504591118335, 18446463698244468735, 68719476735, 
    1095220854783, 10502394331027995967, 36028792728190975, 2147483647, 
    15762594400829440, 288230371860938751, 13907115649320091647, 9745789593611923567, 
    2305843004918726656, 536870911, 549755813631, 2251795522912255, 
    262143, 2251799813685247, 287950000686628863, 18446463149025525759, 
    131071, 9223653236953579647, 287951100198191104, 18437736874454810623, 
    22517998136787056, 402595359, 4683743612465053695, 18446464796682337663, 
    287957697268023295, 18153444948953374703, 8760701963286943, 1140787199, 
    67043519, 18392700878181105663, 1056964609, 67043345, 
    1023, 287966492958392319, 18446744069414584320, 9223376434901286911, 
    18446744073709486208, 603979727, 18410715276690587135, 18445618173869752321, 
    36027697507139583, 13006395723845991295, 18446741595580465407, 4393784803327, 
    36028792723996672, 140737488355327, 15, 127, 
    4395899027455, 8796093022142464, 16212958624241090575, 65535, 
    9223372036854710303, 4294934528, 12884901888, 1152921504606846975, 
    2305570330330005503, 1677656575, 17872504197455282176, 65970697670631, 
    28, 18446744073707454463, 17005555242810474495, 18446744073709551599, 
    8935141660164089791, 18446744073709419615, 18446743249075830783, 17870283321271910397, 
    18437736874452713471, 18446603336221163519, 18446741874686295551, 18446744073709539319, 
    17906312118425092095, 9042383626829823, 281470547525648, 8641373536127, 
    8323103, 67045375, 790380184120328175, 6843210385291930244, 
    1152917029519358975, 8388607, 18446462615912710143, 8589934591, 
    1073741823
};

