uint16_t id_start_table1[] = 
{
    0, 256, 512, 768, 1024, 1280, 1536, 1792, 312, 312, 2560, 2816, 3072, 2537, 2537, 2537, 2537, 2537, 2537, 2537, 2537, 2537, 2537, 2537, 2537, 2537, 2537, 2537, 2537, 2537, 2537, 2537, 2537, 
    2537, 2537, 2537, 2537, 2537, 2537, 2537, 2537, 2537, 2537, 2537, 2537, 2537, 2537, 2537, 2537, 2537, 2537, 2537, 2537, 2537, 2537, 2537, 2537, 2537, 2537, 2537, 2537, 2537, 2537, 2537, 2537, 
    2537, 2537, 2537, 2537, 2537, 2537, 2537, 2537, 2537, 2537, 2537, 2537, 2537, 2537, 2537, 2537, 2537, 2537, 2537, 2537, 2537, 2537, 2537, 2537, 2537, 2537, 2537, 2537, 2537, 2537, 2537, 2537, 
    2537, 2537, 2537, 2537, 2537, 2537, 2537, 2537, 2537, 2537, 2537, 2537, 2537, 2537, 2537, 2537, 2537, 2537, 2537, 2537, 2537, 2537, 2537, 2537, 2537, 2537, 2537, 2537, 2537, 2537, 2537, 2537, 
    2537, 2537, 2537, 2537, 2537, 2537, 2537, 2537, 2537, 2537, 2537, 2537, 2537, 2537, 2537, 2537, 2537, 2537, 2537, 2537, 2537, 2537, 2537, 2537, 2537, 2537, 2537, 2537, 2537, 2537, 2537, 2537, 
    2537, 2537, 2537, 2537, 2537, 2537, 2537, 2537, 2537, 2537, 2537, 2537, 2537, 2537, 2537, 2537, 2537, 2537, 2537, 2537, 2537, 2537, 2537, 2537, 2537, 2537, 2537, 2537, 2537, 2537, 2537, 2537, 
    2537, 2537, 2537, 2537, 2537, 2537, 2537, 2537, 2537, 2537, 2537, 2537, 2537, 2537, 2537, 2537, 2537, 2537, 2537, 2537, 2537, 2537, 2537, 2537, 2537, 2537, 2537, 2537, 2537, 2537, 2537, 2537, 
    2537, 2537, 2537, 2537, 2537, 2537, 2537, 2537, 2537, 2537, 2537, 2537, 2537, 2537, 2537, 2537, 2537, 2537, 2537, 2537, 2537, 2537, 2537, 2537, 2537, 2537, 2537, 2537, 2537, 2537, 2537
};

uint16_t id_start_table2[] = 
{
    0, 1, 2, 3, 4, 4, 4, 4, 4, 4, 4, 5, 0, 6, 7, 8, 4, 4, 9, 4, 10, 11, 12, 13, 14, 15, 4, 16, 17, 18, 19, 20, 21, 
    22, 23, 0, 24, 25, 26, 27, 28, 29, 30, 31, 32, 33, 34, 35, 36, 37, 38, 39, 40, 41, 42, 43, 44, 43, 45, 46, 47, 48, 49, 0, 50, 
    51, 52, 53, 4, 4, 4, 4, 4, 54, 55, 56, 57, 58, 59, 60, 61, 4, 4, 4, 4, 4, 4, 4, 4, 62, 63, 64, 65, 66, 67, 68, 14, 
    69, 70, 71, 72, 73, 74, 75, 76, 77, 78, 0, 79, 80, 81, 82, 83, 84, 85, 86, 4, 4, 4, 0, 4, 4, 4, 4, 87, 88, 89, 90, 0, 
    91, 92, 0, 93, 94, 12, 0, 0, 0, 0, 0, 0, 0, 0, 0, 0, 0, 0, 0, 0, 0, 0, 0, 0, 0, 0, 0, 0, 0, 0, 0, 0, 
    0, 0, 0, 0, 0, 0, 0, 0, 0, 0, 0, 0, 0, 0, 0, 95, 96, 4, 97, 98, 99, 100, 101, 0, 0, 0, 0, 0, 0, 0, 0, 102, 
    61, 103, 104, 105, 4, 106, 107, 0, 0, 0, 0, 0, 0, 0, 0, 4, 4, 4, 4, 4, 4, 4, 4, 4, 4, 4, 4, 4, 4, 4, 4, 4, 
    4, 4, 4, 4, 4, 4, 4, 4, 4, 4, 4, 4, 4, 4, 4, 4, 4, 4, 4, 4, 4, 4, 4, 4, 4, 4, 4, 4, 4, 4, 4, 4, 
    4, 4, 4, 4, 4, 4, 4, 4, 4, 4, 4, 4, 4, 4, 4, 4, 4, 4, 4, 4, 4, 4, 4, 4, 4, 4, 4, 4, 4, 4, 4, 4, 
    4, 4, 4, 4, 4, 4, 4, 4, 4, 4, 4, 4, 4, 4, 4, 4, 4, 4, 4, 4, 4, 71, 0, 4, 4, 4, 4, 4, 4, 4, 4, 4, 
    4, 4, 4, 4, 4, 4, 4, 4, 4, 4, 4, 4, 4, 4, 4, 4, 4, 4, 4, 4, 4, 4, 4, 4, 4, 4, 4, 4, 4, 4, 4, 4, 
    4, 4, 4, 4, 4, 4, 4, 4, 4, 4, 4, 4, 4, 4, 4, 4, 4, 4, 4, 4, 4, 4, 4, 4, 4, 4, 4, 4, 4, 4, 4, 4, 
    4, 4, 4, 4, 4, 4, 4, 4, 4, 4, 4, 4, 4, 4, 4, 4, 4, 4, 4, 4, 4, 4, 4, 4, 4, 4, 4, 4, 4, 4, 4, 4, 
    4, 4, 4, 4, 4, 4, 4, 4, 4, 4, 4, 4, 4, 4, 4, 4, 4, 4, 4, 4, 4, 4, 4, 4, 4, 4, 4, 4, 4, 4, 4, 4, 
    4, 4, 4, 4, 4, 4, 4, 4, 4, 4, 4, 4, 4, 4, 4, 4, 4, 4, 4, 4, 4, 4, 4, 4, 4, 4, 4, 4, 4, 4, 4, 4, 
    4, 4, 4, 4, 4, 4, 4, 4, 4, 4, 4, 4, 4, 4, 4, 4, 4, 4, 4, 4, 4, 4, 4, 4, 4, 4, 4, 4, 4, 4, 4, 4, 
    4, 4, 4, 4, 4, 4, 4, 4, 4, 4, 4, 4, 4, 4, 4, 4, 4, 4, 4, 4, 4, 4, 4, 4, 4, 4, 4, 4, 4, 4, 4, 4, 
    4, 4, 4, 4, 4, 4, 4, 4, 4, 4, 4, 4, 4, 4, 4, 4, 4, 4, 4, 4, 4, 4, 4, 4, 4, 4, 4, 4, 4, 4, 4, 4, 
    4, 4, 4, 4, 4, 4, 4, 4, 4, 4, 4, 4, 4, 4, 4, 4, 4, 4, 4, 4, 4, 4, 4, 4, 4, 4, 4, 4, 4, 4, 4, 4, 
    4, 4, 4, 4, 4, 4, 4, 4, 4, 4, 4, 4, 4, 4, 4, 4, 4, 4, 4, 4, 4, 4, 4, 4, 4, 4, 4, 4, 4, 4, 108, 4, 
    4, 4, 4, 4, 4, 4, 4, 4, 4, 4, 4, 4, 4, 4, 4, 4, 4, 109, 110, 4, 4, 4, 4, 111, 112, 113, 108, 114, 4, 115, 116, 117, 
    67, 118, 119, 120, 121, 122, 123, 124, 125, 126, 127, 128, 129, 4, 130, 4, 4, 4, 4, 4, 4, 4, 4, 4, 4, 4, 4, 4, 4, 4, 4, 4, 
    4, 4, 4, 4, 4, 4, 4, 4, 4, 4, 4, 4, 4, 4, 4, 4, 4, 4, 4, 4, 4, 4, 4, 4, 4, 4, 4, 4, 4, 4, 4, 4, 
    4, 4, 4, 4, 4, 4, 4, 4, 4, 4, 4, 4, 4, 4, 4, 4, 4, 4, 4, 4, 4, 4, 4, 4, 4, 4, 4, 4, 4, 4, 4, 4, 
    4, 4, 4, 4, 4, 4, 4, 4, 4, 4, 4, 4, 4, 4, 4, 4, 4, 4, 4, 4, 4, 4, 4, 4, 4, 4, 4, 4, 4, 4, 4, 4, 
    4, 4, 4, 4, 4, 4, 4, 4, 4, 4, 4, 4, 4, 4, 4, 4, 4, 4, 4, 4, 4, 4, 4, 4, 4, 4, 4, 4, 4, 4, 4, 4, 
    4, 4, 4, 4, 4, 4, 4, 4, 4, 4, 4, 4, 4, 4, 4, 4, 4, 4, 4, 4, 4, 4, 4, 4, 4, 4, 4, 4, 4, 131, 132, 0, 
    0, 0, 0, 0, 0, 0, 0, 0, 0, 0, 0, 0, 0, 0, 0, 0, 0, 0, 0, 0, 0, 0, 0, 0, 0, 0, 0, 0, 0, 0, 0, 0, 
    0, 0, 0, 0, 0, 0, 0, 0, 0, 0, 0, 0, 0, 0, 0, 0, 0, 0, 0, 0, 0, 0, 0, 0, 0, 0, 0, 0, 0, 0, 0, 0, 
    0, 0, 0, 0, 0, 0, 0, 0, 0, 0, 0, 0, 0, 0, 0, 0, 0, 0, 0, 0, 0, 0, 0, 0, 0, 0, 0, 0, 0, 0, 0, 0, 
    0, 0, 0, 0, 0, 0, 0, 0, 0, 0, 0, 0, 0, 0, 0, 0, 0, 0, 0, 0, 0, 0, 0, 0, 0, 0, 0, 0, 0, 0, 0, 0, 
    0, 0, 0, 4, 4, 4, 4, 4, 133, 4, 134, 135, 136, 137, 138, 4, 4, 4, 4, 139, 140, 141, 142, 0, 143, 4, 144, 145, 146, 147, 148, 149, 
    150, 4, 151, 0, 152, 0, 0, 0, 0, 153, 154, 155, 156, 113, 157, 4, 4, 158, 159, 160, 83, 0, 0, 4, 4, 4, 4, 161, 162, 0, 0, 163, 
    164, 72, 165, 166, 0, 167, 0, 168, 169, 170, 171, 71, 172, 173, 0, 4, 12, 174, 174, 83, 0, 0, 0, 0, 0, 0, 0, 175, 176, 0, 0, 177, 
    0, 178, 179, 180, 181, 182, 183, 184, 0, 185, 72, 32, 186, 0, 0, 152, 187, 108, 188, 0, 0, 189, 190, 108, 191, 192, 0, 58, 0, 0, 0, 193, 
    0, 14, 194, 0, 0, 0, 0, 195, 196, 197, 69, 0, 0, 0, 0, 198, 199, 200, 0, 201, 202, 203, 0, 0, 0, 0, 204, 0, 0, 0, 0, 4, 
    4, 4, 4, 4, 4, 4, 4, 4, 4, 4, 4, 4, 4, 134, 0, 4, 189, 4, 4, 4, 205, 0, 0, 0, 0, 0, 0, 0, 0, 0, 0, 0, 
    0, 0, 0, 0, 0, 0, 0, 0, 0, 0, 0, 0, 0, 0, 0, 0, 0, 0, 0, 0, 0, 0, 0, 0, 0, 0, 0, 0, 0, 0, 0, 4, 
    4, 4, 4, 4, 4, 4, 4, 4, 4, 4, 4, 4, 4, 4, 4, 189, 0, 0, 0, 0, 0, 0, 0, 0, 0, 0, 0, 0, 0, 0, 0, 0, 
    0, 0, 0, 0, 0, 0, 0, 0, 0, 0, 0, 0, 0, 0, 0, 0, 0, 0, 0, 0, 0, 0, 0, 0, 0, 0, 0, 0, 0, 0, 0, 0, 
    0, 0, 0, 0, 0, 0, 0, 0, 0, 0, 0, 0, 0, 0, 0, 4, 4, 4, 4, 4, 4, 4, 4, 4, 43, 0, 0, 0, 0, 0, 0, 0, 
    0, 0, 0, 0, 0, 0, 0, 0, 0, 0, 0, 0, 0, 0, 0, 0, 0, 0, 0, 0, 0, 0, 0, 0, 0, 0, 0, 0, 0, 0, 0, 0, 
    0, 0, 0, 0, 0, 0, 0, 0, 0, 0, 0, 0, 0, 0, 0, 0, 0, 0, 0, 0, 0, 0, 0, 0, 0, 0, 0, 0, 0, 0, 0, 0, 
    0, 0, 0, 0, 0, 0, 0, 0, 0, 0, 0, 0, 0, 0, 0, 0, 0, 0, 0, 0, 0, 0, 0, 0, 0, 0, 0, 0, 0, 0, 0, 0, 
    0, 0, 0, 0, 0, 0, 0, 0, 0, 0, 0, 0, 0, 0, 0, 0, 0, 0, 0, 0, 0, 0, 0, 0, 0, 0, 0, 0, 0, 0, 0, 4, 
    4, 4, 4, 4, 4, 4, 4, 69, 72, 0, 206, 108, 207, 200, 0, 0, 0, 0, 0, 0, 0, 0, 0, 0, 4, 0, 0, 4, 208, 209, 210, 4, 
    4, 4, 4, 4, 4, 4, 4, 4, 4, 4, 4, 4, 4, 4, 4, 4, 4, 4, 4, 4, 4, 4, 4, 4, 4, 4, 4, 4, 4, 4, 4, 4, 
    4, 4, 4, 4, 4, 4, 4, 4, 4, 4, 4, 4, 4, 4, 4, 4, 4, 4, 4, 4, 4, 4, 4, 4, 4, 4, 4, 4, 4, 4, 4, 4, 
    4, 4, 4, 4, 4, 4, 4, 4, 4, 4, 4, 4, 4, 4, 4, 4, 4, 4, 4, 4, 4, 4, 4, 4, 4, 4, 4, 4, 4, 4, 137, 4, 
    4, 4, 4, 4, 4, 4, 4, 4, 4, 4, 174, 0, 0, 0, 0, 0, 0, 0, 0, 0, 0, 0, 0, 0, 0, 0, 0, 0, 0, 0, 0, 0, 
    0, 0, 0, 0, 0, 0, 0, 0, 0, 0, 0, 0, 0, 0, 0, 0, 0, 0, 0, 0, 0, 0, 0, 0, 0, 0, 0, 0, 0, 0, 0, 0, 
    0, 0, 0, 0, 0, 0, 0, 0, 0, 0, 0, 0, 0, 0, 0, 0, 0, 0, 0, 0, 0, 0, 0, 0, 0, 0, 0, 0, 0, 0, 0, 0, 
    0, 0, 0, 0, 0, 0, 0, 0, 0, 0, 0, 0, 0, 0, 0, 0, 0, 0, 0, 0, 0, 0, 0, 0, 0, 0, 0, 0, 0, 0, 0, 0, 
    0, 0, 0, 0, 0, 0, 0, 0, 0, 0, 0, 0, 0, 0, 0, 0, 0, 0, 0, 0, 0, 0, 0, 0, 0, 0, 0, 0, 0, 0, 0, 4, 
    4, 4, 4, 72, 107, 4, 4, 4, 4, 4, 211, 0, 0, 0, 0, 0, 0, 0, 0, 0, 0, 0, 0, 0, 0, 0, 0, 0, 0, 0, 0, 0, 
    0, 0, 0, 0, 0, 0, 0, 0, 0, 0, 0, 0, 0, 0, 0, 4, 212, 213, 0, 0, 0, 0, 0, 0, 0, 0, 0, 0, 0, 0, 0, 0, 
    0, 0, 0, 0, 0, 0, 0, 0, 0, 0, 0, 0, 0, 0, 0, 0, 0, 0, 0, 0, 0, 0, 0, 0, 0, 0, 0, 0, 0, 0, 0, 0, 
    0, 0, 0, 0, 0, 0, 0, 0, 0, 0, 0, 0, 0, 0, 0, 0, 0, 0, 0, 0, 0, 0, 0, 0, 0, 0, 0, 0, 0, 0, 0, 0, 
    0, 0, 0, 0, 0, 0, 0, 0, 0, 0, 0, 0, 0, 0, 0, 4, 214, 215, 216, 217, 218, 4, 4, 4, 4, 219, 220, 221, 222, 223, 224, 0, 
    0, 0, 0, 0, 0, 0, 0, 0, 0, 0, 0, 0, 0, 0, 0, 0, 0, 0, 0, 0, 0, 0, 0, 0, 0, 0, 0, 0, 0, 0, 0, 0, 
    0, 0, 0, 0, 0, 0, 0, 0, 0, 0, 0, 0, 0, 0, 0, 0, 0, 0, 0, 0, 0, 0, 0, 0, 0, 0, 0, 0, 0, 0, 0, 4, 
    4, 4, 225, 4, 205, 0, 0, 0, 0, 0, 0, 0, 0, 0, 0, 0, 0, 0, 0, 0, 0, 0, 0, 226, 227, 228, 0, 0, 0, 0, 0, 0, 
    0, 0, 0, 0, 0, 0, 0, 0, 0, 0, 0, 0, 0, 0, 0, 0, 0, 0, 0, 0, 0, 0, 0, 0, 0, 0, 0, 0, 0, 0, 0, 0, 
    0, 0, 0, 0, 0, 0, 0, 0, 0, 0, 0, 0, 0, 0, 0, 0, 0, 0, 0, 0, 0, 0, 0, 0, 0, 0, 0, 0, 0, 0, 0, 4, 
    4, 4, 4, 4, 4, 4, 4, 4, 4, 4, 4, 4, 4, 4, 4, 4, 4, 4, 4, 4, 4, 4, 4, 4, 4, 4, 4, 4, 4, 4, 4, 4, 
    4, 4, 4, 4, 4, 4, 4, 4, 4, 4, 4, 4, 4, 4, 4, 4, 4, 4, 4, 4, 4, 4, 4, 4, 4, 4, 4, 4, 4, 4, 4, 4, 
    4, 4, 4, 4, 4, 4, 4, 4, 4, 4, 4, 4, 4, 4, 4, 4, 4, 4, 4, 4, 4, 4, 4, 4, 4, 4, 4, 4, 4, 4, 4, 4, 
    4, 4, 4, 4, 4, 4, 4, 4, 4, 4, 4, 4, 4, 4, 4, 4, 4, 4, 4, 4, 4, 4, 4, 4, 4, 4, 4, 4, 4, 4, 4, 4, 
    4, 4, 4, 4, 4, 4, 4, 4, 4, 4, 4, 4, 4, 4, 4, 4, 4, 4, 4, 4, 4, 4, 4, 4, 4, 4, 229, 4, 4, 4, 4, 4, 
    4, 4, 4, 4, 4, 4, 4, 4, 4, 4, 4, 4, 4, 4, 4, 4, 4, 4, 4, 4, 4, 4, 4, 4, 4, 4, 4, 4, 4, 4, 4, 4, 
    4, 4, 4, 4, 4, 4, 4, 4, 4, 4, 4, 4, 4, 4, 4, 4, 4, 4, 4, 4, 4, 4, 4, 4, 4, 4, 4, 152, 4, 4, 4, 113, 
    4, 4, 4, 4, 4, 4, 4, 4, 4, 4, 4, 4, 4, 4, 4, 4, 4, 4, 4, 4, 4, 4, 4, 4, 4, 4, 4, 4, 4, 4, 4, 4, 
    4, 4, 4, 4, 4, 4, 4, 4, 4, 4, 4, 4, 4, 4, 4, 4, 4, 4, 4, 4, 4, 4, 4, 4, 4, 4, 4, 4, 4, 4, 4, 4, 
    4, 4, 4, 4, 4, 4, 4, 4, 4, 4, 4, 4, 4, 4, 4, 4, 4, 4, 4, 4, 4, 4, 4, 4, 4, 230, 4, 4, 4, 4, 4, 4, 
    4, 4, 4, 4, 4, 4, 4, 4, 4, 4, 4, 4, 4, 4, 4, 4, 4, 4, 4, 4, 4, 4, 4, 4, 4, 4, 4, 4, 4, 4, 4, 4, 
    4, 4, 4, 4, 4, 4, 4, 4, 4, 4, 4, 4, 4, 4, 4, 4, 4, 4, 4, 4, 4, 4, 4, 4, 4, 4, 4, 4, 4, 4, 4, 4, 
    4, 4, 4, 4, 4, 4, 4, 4, 4, 4, 4, 4, 4, 4, 4, 4, 4, 4, 4, 4, 4, 4, 4, 4, 4, 4, 4, 4, 4, 4, 4, 4, 
    4, 4, 4, 4, 4, 4, 4, 4, 4, 4, 4, 4, 4, 4, 231, 0, 0, 0, 0, 0, 0, 0, 0, 0, 0, 0, 0, 0, 0, 0, 0, 0, 
    0, 0, 0, 0, 0, 0, 0, 0, 0, 0, 0, 0, 0, 0, 0, 0, 0, 0, 0, 0, 0, 0, 0, 0, 0, 0, 0, 0, 0, 0, 0, 4, 
    4, 4, 4, 4, 4, 4, 4, 232, 0, 0, 0, 0, 0, 0, 0, 0, 0, 0, 0, 0, 0, 0, 0, 0, 0, 0, 0, 0, 0, 0, 0, 0, 
    0, 0, 0, 0, 0, 0, 0, 0, 0, 0, 0, 0, 0, 0, 0, 0, 0, 0, 0, 0, 0, 0, 0, 0, 0, 0, 0, 0, 0, 0, 0, 0, 
    0, 0, 0, 0, 0, 0, 0, 0, 0, 0, 0, 0, 0, 0, 0, 0, 0, 0, 0, 0, 0, 0, 0, 0, 0, 0, 0, 0, 0, 0, 0, 0, 
    0, 0, 0, 0, 0, 0, 0, 0, 0, 0, 0, 0, 0, 0, 0, 0, 0, 0, 0, 0, 0, 0, 0, 0, 0, 0, 0, 0, 0, 0, 0, 0, 
    0, 0, 0, 0, 0, 0, 0, 0, 0, 0, 0, 0, 0, 0, 0, 0, 0, 0, 0, 0, 0, 0, 0, 0, 0, 0, 0, 0, 0, 0, 0, 0, 
    0, 0, 0, 0, 0, 0, 0, 0, 0, 0, 0, 0, 0, 0, 0, 0, 0, 0, 0, 0, 0, 0, 0, 0, 0, 0, 0, 0, 0, 0, 0, 0, 
    0, 0, 0, 0, 0, 0, 0, 0, 0, 0, 0, 0, 0, 0, 0, 0, 0, 0, 0, 0, 0, 0, 0, 0, 0, 0, 0, 0, 0, 0, 0, 0, 
    0, 0, 0, 0, 0, 0, 0, 0, 0, 0, 0, 0, 0, 0, 0, 0, 0, 0, 0, 0, 0, 0, 0, 0, 0, 0, 0, 0, 0, 0, 0, 0, 
    0, 0, 0, 0, 0, 0, 0, 0, 0, 0, 0, 0, 0, 0, 0, 0, 0, 0, 0, 0, 0, 0, 0, 0, 0, 0, 0, 0, 0, 0, 0
};

uint64_t id_start_leaves[] = 
{
    0, 576460743847706622, 297241973452963840, 18410715276682199039, 18446744073709551615, 
    88094074470339, 13609596598936928256, 18446744056529672000, 18428729675200069631, 
    18446744073709550595, 18446462598732840959, 18446744069456527359, 511, 
    2119858418286592, 18446744069414584320, 18446392229988665343, 11241196188469297151, 
    281474976514048, 18446744073709543424, 563224831328255, 301749971126844416, 
    1168302407679, 8791831609343, 4602678814877679616, 2594073385365405680, 
    18446181140919287808, 2577745637692514273, 1153765945374687232, 247132830528276448, 
    7881300924956672, 2589004636761079776, 144115200960823296, 2589004636760940512, 
    562965791113216, 288167810662516712, 65536, 2594071186342010848, 
    13002342400, 2589567586714640353, 1688863818907648, 2882303761516978144, 
    18158513712597581824, 3457638613854978016, 127, 3940649673949182, 
    2309762420256548246, 4026531935, 1, 35184372088575, 
    7936, 9223380832947798015, 18438229877581611008, 18446744069414600707, 
    17870283321406070975, 18446744070446333439, 9168765891372858879, 18446744073701162813, 
    18446744073696837631, 134217727, 18446744069414649855, 4557642822898941951, 
    18446744073709551614, 18446638520593285119, 18446744069548802046, 144053615424700415, 
    1125895612129279, 527761286627327, 4503599627370495, 276824064, 
    144115188075855871, 18446469195802607615, 18014398509481983, 2147483647, 
    8796093022142464, 18446480190918885375, 1023, 18446744069422972927, 
    2097151, 549755813888, 4503599627370464, 4064, 
    18158724812380307448, 274877906943, 68719476735, 4611686018360336384, 
    16717361816799216127, 28110114275721216, 18446744070475743231, 4611686017001275199, 
    6908521828386340863, 2295745090394464220, 9223934986808197120, 536805376, 
    17582049991377026180, 18446744069414601696, 18446603336221196287, 18446744071562067967, 
    3509778554814463, 18446498607738650623, 141836999983103, 9187201948305063935, 
    2139062143, 2251241253188403424, 18446744069288755199, 17870283321406128127, 
    18446462598732840928, 576460748008488959, 18446462598732840960, 281474976710655, 
    8191, 4611686018427322368, 13198434443263, 9223512774343131135, 
    18446744070488326143, 18446744060816261120, 288230376151710207, 18410715276690587648, 
    34359736251, 4503599627370492, 7564921474075590656, 18446462873610746880, 
    2305843004918726783, 2251799813685232, 8935422993945886720, 2199023255551, 
    14159317224157876215, 4495436853045886975, 7890092085477381, 18446602782178705022, 
    18446462873476530175, 34359738367, 18446462667452317695, 1152921504606845055, 
    18446532967477018623, 67108863, 6881498030004502655, 18446744073709551579, 
    1125899906842623, 18446744073709027328, 4611686018427387903, 18446744073709486080, 
    18446744073709355007, 1152640029630136575, 18437455399478099968, 2305843009213693951, 
    576460743713488896, 18446743798965862398, 9223372036854775807, 486341884, 
    13258596753222922239, 1073692671, 576460752303423487, 9007199254740991, 
    18446744069951455231, 131071, 18446708893632430079, 18014398509418495, 
    4128527, 18446462599806582783, 1152921504591118335, 18446463698244468735, 
    36028797018963967, 1095220854783, 10502394331027995967, 36028792728190975, 
    15762594400829440, 288230371860938751, 13907115649320091647, 18014398491590657, 
    2305843004918726656, 536870911, 137438953215, 2251795522912255, 
    262143, 2251799813685247, 18446463149025525759, 63, 
    72057594037927928, 281474976710648, 2199023190016, 549755813880, 
    20266198323101712, 2251799813685240, 335544350, 17592185782271, 
    18446464796682337663, 16643063808, 1920, 176, 
    140737488355327, 251658240, 16, 8796093022207, 
    17592186044415, 9223372041149743103, 290482175965394945, 18446744073441181696, 
    536871887, 140737488354815, 18445618173802708993, 65535, 
    562949953420159, 18446741595513421888, 16778239, 2251795518717952, 
    15, 70368744112128, 16212958624174047247, 65567, 
    4294443008, 12884901888, 1152921504606846975, 2305570330330005503, 
    67043839, 18446744073707454463, 17005555242810474495, 18446744073709551599, 
    8935141660164089791, 18446744073709419615, 18446743249075830783, 17870283321271910397, 
    18437736874452713471, 18446603336221163519, 18446741874686295551, 4087, 
    31, 790380184120328175, 6843210385291930244, 1152917029519358975, 
    8388607, 18446462615912710143, 8589934591, 1073741823
    
};

