uint16_t table1[] = {
0, 
256, 512, 768, 1024, 1280, 1536, 1792, 2048, 2048, 2560, 2816, 311, 311, 311, 311, 311, 311, 311, 311, 311, 311, 311, 311, 311, 311, 311, 311, 311, 311, 311, 311, 311, 
311, 311, 311, 311, 311, 311, 311, 311, 311, 311, 311, 311, 311, 311, 311, 311, 311, 311, 311, 311, 311, 311, 311, 14336, 14592, 2824, 2824, 2824, 2824, 2824, 2824, 2824, 
2824, 2824, 2824, 2824, 2824, 2824, 2824, 2824, 2824, 2824, 2824, 2824, 2824, 2824, 2824, 2824, 2824, 2824, 2824, 2824, 2824, 2824, 2824, 2824, 2824, 2824, 2824, 2824, 2824, 2824, 2824, 2824, 
2824, 2824, 2824, 2824, 2824, 2824, 2824, 2824, 2824, 2824, 2824, 2824, 2824, 2824, 2824, 2824, 2824, 2824, 2824, 2824, 2824, 2824, 2824, 2824, 2824, 2824, 2824, 2824, 2824, 2824, 2824, 2824, 
2824, 2824, 2824, 2824, 2824, 2824, 2824, 2824, 2824, 2824, 2824, 2824, 2824, 2824, 2824, 2824, 2824, 2824, 2824, 2824, 2824, 2824, 2824, 2824, 2824, 2824, 2824, 2824, 2824, 2824, 2824, 2824, 
2824, 2824, 2824, 2824, 2824, 2824, 2824, 2824, 2824, 2824, 2824, 2824, 2824, 2824, 2824, 2824, 2824, 2824, 2824, 2824, 2824, 2824, 2824, 2824, 2824, 2824, 2824, 2824, 2824, 2824, 2824, 2824, 
2824, 2824, 2824, 2824, 2824, 2824, 2824, 2824, 2824, 2824, 2824, 2824, 2824, 2824, 2824, 2824, 2824, 2824, 2824, 2824, 2824, 2824, 2824, 2824, 2824, 2824, 2824, 2824, 2824, 2824, 2824, 2824, 
2824, 2824, 2824, 2824, 2824, 2824, 2824, 2824, 2824, 2824, 2824, 2824, 2824, 2824, 2824, 2824, 2824, 2824, 2824, 2824, 2824, 2824, 2824, 2824, 2824, 2824, 2824, 2824, 2824, 2824, 2824
};
uint16_t table2[] = {
0, 
1, 2, 3, 4, 4, 5, 4, 4, 4, 6, 7, 4, 8, 9, 4, 4, 4, 4, 4, 10, 11, 12, 13, 14, 15, 16, 17, 4, 4, 18, 19, 20, 
21, 22, 23, 24, 25, 26, 27, 28, 29, 30, 31, 32, 33, 34, 35, 36, 37, 38, 39, 40, 41, 42, 43, 44, 4, 45, 46, 47, 48, 49, 50, 51, 
52, 53, 54, 16, 16, 16, 16, 16, 55, 56, 57, 58, 59, 14, 60, 61, 16, 16, 16, 16, 16, 16, 16, 16, 62, 63, 64, 65, 66, 67, 68, 69, 
70, 71, 60, 72, 73, 74, 75, 76, 77, 78, 4, 79, 80, 81, 82, 83, 84, 85, 86, 87, 88, 89, 4, 4, 4, 4, 4, 90, 91, 4, 92, 4, 
93, 94, 95, 96, 97, 98, 4, 4, 4, 4, 4, 4, 4, 4, 4, 4, 4, 4, 4, 4, 4, 4, 4, 4, 4, 4, 4, 4, 4, 4, 4, 4, 
4, 4, 4, 4, 4, 4, 4, 4, 4, 4, 4, 4, 4, 4, 4, 4, 4, 4, 99, 100, 101, 102, 103, 4, 4, 4, 4, 4, 4, 4, 4, 104, 
4, 4, 93, 4, 4, 105, 106, 4, 4, 4, 4, 4, 4, 4, 4, 16, 16, 16, 16, 16, 16, 16, 16, 16, 16, 16, 16, 16, 16, 16, 16, 16, 
16, 16, 16, 16, 16, 16, 16, 16, 16, 16, 16, 16, 16, 16, 16, 16, 16, 16, 16, 16, 16, 16, 16, 16, 16, 16, 16, 16, 16, 16, 16, 16, 
16, 16, 16, 16, 16, 16, 16, 16, 16, 16, 16, 16, 16, 16, 16, 16, 16, 16, 16, 16, 16, 16, 16, 16, 16, 16, 16, 16, 16, 16, 16, 16, 
16, 16, 16, 16, 16, 16, 16, 16, 16, 16, 16, 16, 16, 16, 16, 16, 16, 16, 16, 16, 16, 60, 4, 4, 4, 4, 4, 4, 4, 4, 4, 4, 
4, 4, 4, 4, 4, 4, 4, 4, 4, 4, 4, 4, 4, 4, 4, 4, 4, 4, 4, 4, 4, 4, 4, 4, 4, 4, 4, 4, 4, 4, 4, 4, 
4, 4, 4, 4, 4, 4, 4, 4, 4, 4, 4, 4, 4, 4, 4, 4, 4, 4, 4, 4, 4, 4, 4, 4, 4, 4, 4, 4, 4, 4, 4, 4, 
4, 4, 4, 4, 4, 4, 4, 4, 4, 4, 4, 4, 4, 4, 4, 4, 4, 4, 4, 4, 4, 4, 4, 4, 4, 4, 4, 4, 4, 4, 4, 4, 
4, 4, 4, 4, 4, 4, 4, 4, 4, 4, 4, 4, 4, 4, 4, 4, 4, 4, 4, 4, 4, 4, 4, 4, 4, 4, 4, 4, 4, 4, 4, 4, 
4, 4, 4, 4, 4, 4, 4, 4, 4, 4, 4, 4, 4, 4, 4, 4, 4, 4, 4, 4, 4, 4, 4, 4, 4, 4, 4, 4, 4, 4, 4, 4, 
4, 4, 4, 4, 4, 4, 4, 4, 4, 4, 4, 4, 4, 4, 4, 4, 4, 4, 4, 4, 4, 4, 4, 4, 4, 4, 4, 4, 4, 4, 4, 4, 
4, 4, 4, 4, 4, 4, 4, 4, 4, 4, 4, 4, 4, 4, 4, 4, 4, 4, 4, 4, 4, 4, 4, 4, 4, 4, 4, 4, 4, 4, 4, 4, 
4, 4, 4, 4, 4, 4, 4, 4, 4, 4, 4, 4, 4, 4, 4, 4, 4, 4, 4, 4, 4, 4, 4, 4, 4, 4, 4, 4, 4, 4, 4, 4, 
4, 4, 4, 4, 4, 4, 4, 4, 4, 4, 4, 4, 4, 4, 4, 4, 4, 4, 4, 4, 4, 4, 4, 4, 4, 4, 4, 4, 4, 4, 4, 4, 
4, 4, 4, 4, 4, 4, 4, 4, 4, 4, 4, 4, 4, 4, 4, 4, 4, 4, 4, 4, 4, 4, 4, 4, 4, 4, 4, 4, 4, 4, 4, 107, 
16, 16, 16, 16, 16, 16, 16, 16, 16, 16, 16, 16, 16, 16, 16, 16, 16, 108, 109, 4, 4, 4, 4, 110, 111, 16, 112, 113, 10, 114, 115, 116, 
117, 118, 119, 120, 121, 122, 123, 124, 125, 126, 127, 128, 129, 16, 130, 16, 16, 16, 16, 16, 16, 16, 16, 16, 16, 16, 16, 16, 16, 16, 16, 16, 
16, 16, 16, 16, 16, 16, 16, 16, 16, 16, 16, 16, 16, 16, 16, 16, 16, 16, 16, 16, 16, 16, 16, 16, 16, 16, 16, 16, 16, 16, 16, 16, 
16, 16, 16, 16, 16, 16, 16, 16, 16, 16, 16, 16, 16, 16, 16, 16, 16, 16, 16, 16, 16, 16, 16, 16, 16, 16, 16, 16, 16, 16, 16, 16, 
16, 16, 16, 16, 16, 16, 16, 16, 16, 16, 16, 16, 16, 16, 16, 16, 16, 16, 16, 16, 16, 16, 16, 16, 16, 16, 16, 16, 16, 16, 16, 16, 
16, 16, 16, 16, 16, 16, 16, 16, 16, 16, 16, 16, 16, 16, 16, 16, 16, 16, 16, 16, 16, 16, 16, 16, 16, 16, 16, 16, 16, 16, 16, 16, 
16, 16, 16, 16, 16, 16, 16, 16, 16, 16, 16, 16, 16, 16, 16, 16, 16, 16, 16, 16, 16, 16, 16, 16, 16, 16, 16, 16, 16, 131, 132, 4, 
4, 4, 4, 4, 4, 4, 4, 4, 4, 4, 4, 4, 4, 4, 4, 4, 4, 4, 4, 4, 4, 4, 4, 4, 4, 4, 4, 4, 4, 4, 4, 4, 
4, 4, 4, 4, 4, 4, 4, 4, 4, 4, 4, 4, 4, 4, 4, 4, 4, 4, 4, 4, 4, 4, 4, 4, 4, 4, 4, 4, 4, 4, 4, 4, 
4, 4, 4, 4, 4, 4, 4, 4, 4, 4, 4, 4, 4, 4, 4, 4, 4, 4, 4, 4, 4, 4, 4, 4, 4, 4, 4, 4, 4, 4, 4, 4, 
4, 4, 4, 4, 4, 4, 4, 4, 4, 4, 4, 4, 4, 4, 4, 4, 4, 4, 4, 4, 4, 4, 4, 4, 4, 4, 4, 4, 4, 4, 4, 4, 
4, 4, 4, 16, 16, 16, 16, 16, 133, 16, 134, 135, 136, 137, 4, 4, 138, 16, 16, 139, 140, 141, 4, 141, 142, 4, 4, 143, 144, 145, 146, 147, 
148, 16, 149, 4, 4, 4, 42, 4, 4, 14, 150, 151, 152, 4, 4, 16, 16, 153, 154, 155, 131, 4, 4, 16, 16, 16, 16, 67, 4, 4, 4, 156, 
157, 158, 159, 160, 4, 161, 4, 162, 4, 4, 163, 60, 159, 164, 4, 16, 165, 4, 4, 166, 4, 4, 4, 4, 4, 4, 4, 167, 150, 4, 4, 168, 
93, 169, 0, 170, 171, 172, 173, 174, 4, 175, 176, 177, 178, 4, 4, 179, 180, 181, 182, 4, 4, 183, 184, 185, 186, 187, 188, 189, 4, 4, 4, 190, 
4, 4, 191, 4, 4, 4, 4, 192, 193, 194, 195, 4, 4, 4, 4, 196, 197, 198, 4, 199, 200, 201, 4, 4, 4, 4, 157, 4, 4, 4, 4, 16, 
16, 16, 16, 16, 16, 16, 16, 16, 16, 16, 16, 16, 16, 134, 4, 16, 202, 16, 16, 16, 70, 4, 4, 4, 4, 4, 4, 4, 4, 4, 4, 4, 
4, 4, 4, 4, 4, 4, 4, 4, 4, 4, 4, 4, 4, 4, 4, 4, 4, 4, 4, 4, 4, 4, 4, 4, 4, 4, 4, 4, 4, 4, 4, 16, 
16, 16, 16, 16, 16, 16, 16, 16, 16, 16, 16, 16, 16, 16, 16, 202, 4, 4, 4, 4, 4, 4, 4, 4, 4, 4, 4, 4, 4, 4, 4, 4, 
4, 4, 4, 4, 4, 4, 4, 4, 4, 4, 4, 4, 4, 4, 4, 4, 4, 4, 4, 4, 4, 4, 4, 4, 4, 4, 4, 4, 4, 4, 4, 4, 
4, 4, 4, 4, 4, 4, 4, 4, 4, 4, 4, 4, 4, 4, 4, 16, 16, 16, 16, 16, 16, 16, 16, 16, 203, 4, 4, 4, 4, 4, 4, 4, 
4, 4, 4, 4, 4, 4, 4, 4, 4, 4, 4, 4, 4, 4, 4, 4, 4, 4, 4, 4, 4, 4, 4, 4, 4, 4, 4, 4, 4, 4, 4, 4, 
4, 4, 4, 4, 4, 4, 4, 4, 4, 4, 4, 4, 4, 4, 4, 4, 4, 4, 4, 4, 4, 4, 4, 4, 4, 4, 4, 4, 4, 4, 4, 4, 
4, 4, 4, 4, 4, 4, 4, 4, 4, 4, 4, 4, 4, 4, 4, 4, 4, 4, 4, 4, 4, 4, 4, 4, 4, 4, 4, 4, 4, 4, 4, 4, 
4, 4, 4, 4, 4, 4, 4, 4, 4, 4, 4, 4, 4, 4, 4, 4, 4, 4, 4, 4, 4, 4, 4, 4, 4, 4, 4, 4, 4, 4, 4, 16, 
16, 16, 16, 16, 16, 16, 16, 195, 158, 4, 204, 205, 206, 4, 4, 4, 4, 4, 4, 4, 4, 4, 4, 4, 4, 4, 4, 16, 207, 208, 4, 4, 
4, 4, 4, 4, 4, 4, 4, 4, 4, 4, 4, 4, 4, 4, 4, 4, 4, 4, 4, 4, 4, 4, 4, 4, 4, 4, 4, 4, 4, 4, 4, 4, 
4, 4, 4, 4, 4, 4, 4, 4, 4, 4, 4, 4, 4, 4, 4, 4, 4, 4, 4, 4, 4, 4, 4, 4, 4, 4, 4, 4, 4, 4, 4, 4, 
4, 4, 4, 4, 4, 4, 4, 4, 4, 4, 4, 4, 4, 4, 4, 4, 4, 4, 4, 4, 4, 4, 4, 4, 4, 4, 4, 4, 4, 4, 4, 4, 
4, 4, 4, 4, 4, 4, 4, 4, 4, 4, 4, 4, 4, 4, 4, 4, 4, 4, 4, 4, 4, 4, 4, 4, 4, 4, 4, 4, 4, 4, 4, 4, 
4, 4, 4, 4, 4, 4, 4, 4, 4, 4, 4, 4, 4, 4, 4, 4, 4, 4, 4, 4, 4, 4, 4, 4, 4, 4, 4, 4, 4, 4, 4, 4, 
4, 4, 4, 4, 4, 4, 4, 4, 4, 4, 4, 4, 4, 4, 4, 4, 4, 4, 4, 4, 4, 4, 4, 4, 4, 4, 4, 4, 4, 4, 4, 4, 
4, 4, 4, 4, 4, 4, 4, 4, 4, 4, 4, 4, 4, 4, 4, 4, 4, 4, 4, 4, 4, 4, 4, 4, 4, 4, 4, 4, 4, 4, 4, 4, 
4, 4, 4, 4, 4, 4, 4, 4, 4, 4, 4, 4, 4, 4, 4, 4, 4, 4, 4, 4, 4, 4, 4, 4, 4, 4, 4, 4, 4, 4, 4, 16, 
16, 16, 16, 158, 106, 16, 16, 16, 16, 16, 209, 4, 4, 4, 4, 4, 4, 4, 4, 4, 4, 4, 4, 4, 4, 4, 4, 4, 4, 4, 4, 4, 
4, 4, 4, 4, 4, 4, 4, 4, 4, 4, 4, 4, 4, 4, 4, 16, 210, 211, 4, 4, 4, 4, 4, 4, 4, 4, 4, 4, 4, 4, 4, 4, 
4, 4, 4, 4, 4, 4, 4, 4, 4, 4, 4, 4, 4, 4, 4, 4, 4, 4, 4, 4, 4, 4, 4, 4, 4, 4, 4, 4, 4, 4, 4, 4, 
4, 4, 4, 4, 4, 4, 4, 4, 4, 4, 4, 4, 4, 4, 4, 4, 4, 4, 4, 4, 4, 4, 4, 4, 4, 4, 4, 4, 4, 4, 4, 4, 
4, 4, 4, 4, 212, 98, 4, 4, 213, 4, 4, 4, 4, 4, 4, 16, 107, 214, 215, 216, 217, 16, 16, 16, 16, 218, 219, 220, 221, 222, 223, 4, 
4, 4, 4, 4, 4, 4, 4, 5, 224, 225, 4, 4, 4, 4, 4, 4, 4, 4, 4, 4, 4, 4, 4, 4, 4, 4, 4, 4, 4, 4, 4, 226, 
4, 4, 4, 4, 4, 4, 4, 4, 4, 4, 4, 4, 4, 4, 4, 4, 4, 4, 4, 4, 4, 4, 4, 4, 4, 4, 4, 4, 4, 4, 4, 16, 
16, 16, 227, 4, 186, 4, 4, 4, 4, 4, 4, 4, 4, 4, 4, 4, 4, 4, 4, 4, 4, 4, 4, 228, 229, 230, 4, 4, 4, 4, 4, 4, 
4, 4, 4, 4, 4, 4, 4, 4, 4, 4, 4, 4, 4, 4, 4, 4, 4, 4, 4, 4, 4, 4, 4, 4, 4, 4, 4, 4, 4, 4, 4, 4, 
4, 4, 4, 4, 4, 4, 4, 4, 4, 4, 4, 4, 4, 4, 4, 4, 4, 4, 4, 4, 4, 4, 4, 4, 4, 4, 4, 4, 4, 4, 4, 16, 
16, 16, 16, 16, 16, 16, 16, 16, 16, 16, 16, 16, 16, 16, 16, 16, 16, 16, 16, 16, 16, 16, 16, 16, 16, 16, 16, 16, 16, 16, 16, 16, 
16, 16, 16, 16, 16, 16, 16, 16, 16, 16, 16, 16, 16, 16, 16, 16, 16, 16, 16, 16, 16, 16, 16, 16, 16, 16, 16, 16, 16, 16, 16, 16, 
16, 16, 16, 16, 16, 16, 16, 16, 16, 16, 16, 16, 16, 16, 16, 16, 16, 16, 16, 16, 16, 16, 16, 16, 16, 16, 16, 16, 16, 16, 16, 16, 
16, 16, 16, 16, 16, 16, 16, 16, 16, 16, 16, 16, 16, 16, 16, 16, 16, 16, 16, 16, 16, 16, 16, 16, 16, 16, 16, 16, 16, 16, 16, 16, 
16, 16, 16, 16, 16, 16, 16, 16, 16, 16, 16, 16, 16, 16, 16, 16, 16, 16, 16, 16, 16, 16, 16, 16, 16, 16, 16, 16, 16, 16, 16, 16, 
16, 16, 16, 16, 16, 16, 16, 16, 16, 16, 16, 16, 16, 16, 16, 16, 16, 16, 16, 16, 16, 16, 16, 16, 16, 16, 16, 16, 16, 16, 16, 16, 
16, 16, 16, 16, 16, 16, 16, 16, 16, 16, 16, 16, 16, 16, 16, 16, 16, 16, 16, 16, 16, 16, 16, 16, 16, 16, 16, 16, 16, 16, 16, 16, 
16, 16, 16, 16, 16, 16, 16, 16, 16, 16, 16, 16, 16, 16, 16, 16, 16, 16, 16, 16, 16, 16, 16, 16, 16, 16, 16, 16, 16, 16, 16, 16, 
16, 16, 16, 16, 16, 16, 16, 16, 16, 16, 16, 16, 16, 16, 16, 16, 16, 16, 16, 16, 16, 16, 16, 16, 16, 16, 16, 16, 16, 16, 16, 16, 
16, 16, 16, 16, 16, 16, 16, 16, 16, 16, 16, 16, 16, 16, 16, 16, 16, 16, 16, 16, 16, 16, 16, 16, 16, 16, 16, 16, 16, 16, 16, 16, 
16, 16, 16, 16, 16, 16, 16, 16, 16, 16, 16, 16, 16, 16, 16, 16, 16, 16, 16, 16, 16, 16, 16, 16, 16, 16, 16, 16, 16, 16, 16, 16, 
16, 16, 16, 16, 16, 16, 16, 16, 16, 16, 16, 16, 16, 16, 16, 16, 16, 16, 16, 16, 16, 16, 16, 16, 16, 16, 16, 16, 16, 16, 16, 16, 
16, 16, 16, 16, 16, 16, 16, 16, 16, 16, 16, 16, 16, 16, 16, 16, 16, 16, 16, 16, 16, 16, 16, 16, 16, 16, 231, 16, 16, 16, 16, 16, 
16, 16, 16, 16, 16, 16, 16, 16, 16, 16, 16, 16, 16, 16, 16, 16, 16, 16, 16, 16, 16, 16, 16, 16, 16, 16, 16, 16, 16, 16, 16, 16, 
16, 16, 16, 16, 16, 16, 16, 16, 16, 16, 16, 16, 16, 16, 16, 16, 16, 16, 16, 16, 16, 16, 16, 16, 16, 16, 16, 232, 4, 4, 4, 14, 
16, 16, 16, 16, 16, 16, 16, 16, 16, 16, 16, 16, 16, 16, 16, 16, 16, 16, 16, 16, 16, 16, 16, 16, 16, 16, 16, 16, 16, 16, 16, 16, 
16, 16, 16, 16, 16, 16, 16, 16, 16, 16, 16, 16, 16, 16, 16, 16, 16, 16, 16, 16, 16, 16, 16, 16, 16, 16, 16, 16, 16, 16, 16, 16, 
16, 16, 16, 16, 16, 16, 16, 16, 16, 16, 16, 16, 16, 16, 16, 16, 16, 16, 16, 16, 16, 16, 16, 16, 16, 233, 4, 4, 4, 4, 4, 4, 
4, 4, 4, 4, 4, 4, 4, 4, 4, 4, 4, 4, 4, 4, 4, 4, 4, 4, 4, 4, 4, 4, 4, 4, 4, 4, 4, 4, 4, 4, 4, 4, 
4, 4, 4, 4, 4, 4, 4, 4, 4, 4, 4, 4, 4, 4, 4, 4, 4, 4, 4, 4, 4, 4, 4, 4, 4, 4, 4, 4, 4, 4, 4, 4, 
4, 4, 4, 4, 4, 4, 4, 4, 4, 4, 4, 4, 4, 4, 4, 4, 4, 4, 4, 4, 4, 4, 4, 4, 4, 4, 4, 4, 4, 4, 4, 4, 
4, 4, 4, 4, 4, 4, 4, 4, 4, 4, 4, 4, 4, 4, 4, 4, 4, 4, 4, 4, 4, 4, 4, 4, 4, 4, 4, 4, 4, 4, 4, 4, 
4, 4, 4, 4, 4, 4, 4, 4, 4, 4, 4, 4, 4, 4, 4, 4, 4, 4, 4, 4, 4, 4, 4, 4, 4, 4, 4, 4, 4, 4, 4, 4, 
4, 4, 4, 4, 4, 4, 4, 4, 4, 4, 4, 4, 4, 4, 4, 4, 4, 4, 4, 4, 4, 4, 4, 4, 4, 4, 4, 4, 4, 4, 4, 4, 
4, 4, 4, 16, 16, 16, 205, 0, 0, 0, 0, 0, 0, 0, 0, 0, 0, 0, 0, 0, 0, 0, 0, 0, 0, 0, 0, 0, 0, 0, 0, 0, 
0, 0, 0, 0, 0, 0, 0, 0, 0, 0, 0, 0, 0, 0, 0, 0, 0, 0, 0, 0, 0, 0, 0, 0, 0, 0, 0, 0, 0, 0, 0, 0, 
0, 0, 0, 0, 0, 0, 0, 0, 0, 0, 0, 0, 0, 0, 0, 0, 0, 0, 0, 0, 0, 0, 0, 0, 0, 0, 0, 0, 0, 0, 0, 0, 
0, 0, 0, 0, 0, 0, 0, 0, 0, 0, 0, 0, 0, 0, 0, 0, 0, 0, 0, 0, 0, 0, 0, 0, 0, 0, 0, 0, 0, 0, 0, 0, 
0, 0, 0, 0, 0, 0, 0, 0, 0, 0, 0, 0, 0, 0, 0, 0, 0, 0, 0, 0, 0, 0, 0, 0, 0, 0, 0, 0, 0, 0, 0, 0, 
0, 0, 0, 0, 0, 0, 0, 0, 0, 0, 0, 0, 0, 0, 0, 0, 0, 0, 0, 0, 0, 0, 0, 0, 0, 0, 0, 0, 0, 0, 0, 0, 
0, 0, 0, 0, 0, 0, 0, 0, 0, 0, 0, 0, 0, 0, 0, 0, 0, 0, 0, 0, 0, 0, 0, 0, 0, 0, 0, 0, 0, 0, 0, 0, 
0, 0, 0, 0, 0, 0, 0, 0, 0, 0, 0, 0, 0, 0, 0, 0, 0, 0, 0, 0, 0, 0, 0, 0, 0, 0, 0, 0, 0, 0, 0, 0, 
0, 0, 0, 0, 0, 0, 0, 0, 0, 0, 0, 0, 0, 0, 0, 0, 0, 0, 0, 0, 0, 0, 0, 0, 0, 0, 0, 0, 0, 0, 0, 0, 
0, 0, 0, 0, 0, 0, 0, 0, 0, 0, 0, 0, 0, 0, 0, 0, 0, 0, 0, 0, 0, 0, 0, 0, 0, 0, 0, 0, 0, 0, 0, 0, 
0, 0, 0, 0, 0, 0, 0, 0, 0, 0, 0, 0, 0, 0, 0, 0, 0, 0, 0, 0, 0, 0, 0, 0, 0, 0, 0, 0, 0, 0, 0, 0, 
0, 0, 0, 0, 0, 0, 0, 0, 0, 0, 0, 0, 0, 0, 0, 0, 0, 0, 0, 0, 0, 0, 0, 0, 0, 0, 0, 0, 0, 0, 0, 0, 
0, 0, 0, 0, 0, 0, 0, 0, 0, 0, 0, 0, 0, 0, 0, 0, 0, 0, 0, 0, 0, 0, 0, 0, 0, 0, 0, 0, 0, 0, 0, 0, 
0, 0, 0, 0, 0, 0, 0, 0, 0, 0, 0, 0, 0, 0, 0, 0, 0, 0, 0, 0, 0, 0, 0, 0, 0, 0, 0, 0, 0, 0, 0, 0, 
0, 0, 0, 0, 0, 0, 0, 0, 0, 0, 0, 0, 0, 0, 0, 0, 0, 0, 0, 0, 0, 0, 0, 0, 0, 0, 0, 0, 0, 0, 0, 0, 
0, 0, 0, 0, 0, 0, 0, 0, 0, 0, 0, 0, 0, 0, 0, 0, 0, 0, 0, 0, 0, 0, 0, 0, 0, 0, 0, 0, 0, 0, 0
};
uint64_t leaves[] = {
287948901175001088, 
576460745995190270, 333270770471927808, 36028797002186752, 0, 
17870283321406128128, 18446462598733889536, 17725330292675, 4093490586303070208, 
1856, 18446181123756130304, 41943039, 4611686018427256832, 
128, 18446744069414584320, 18446678103011885054, 18446744073709551615, 
11528935220892925951, 1125625028935680, 2310346608841063424, 1168231104511, 
234881024, 4602678814877679616, 18446744039349813248, 14411518807585587207, 
18446181192458887679, 2306968909120634895, 844440776212510, 1156859955257016320, 
9006924376979462, 14991359458632499206, 144115239615535167, 3462142213541167116, 
562965799501825, 14123218165768914912, 281200107192320, 16140901064495980529, 
51539607583, 3458764513820655631, 1688901406166495, 2305843009213808643, 
18158513764138221598, 2305843009213693952, 3377699720758399, 572520102629474304, 
288195741551165846, 4093575199, 13988180442612760577, 18446216308128218879, 
16769055, 64, 18373586968043847680, 18438299290762674176, 
1006649223, 16140901064495865856, 18446744070446318079, 9151877392770204159, 
18446744073701162813, 18446744073692905471, 3892314111, 18014398509481983, 
18446744073709551614, 35184372088831, 18446744069548802046, 143561034215456767, 
1835008, 3412879797649408, 36028797018963967, 806354880, 
18446744069481641984, 15, 18446464797756096480, 1009668331499683839, 
8796093022142464, 18446480190918885375, 67109887, 18446744069683019775, 
4297064447, 549822858239, 18428729675200069647, 4494803534352355, 
18446527736206852088, 4433230883192831, 17996875042914303, 4611686018427380735, 
576460752303358463, 40532396646793216, 18446726481523507200, 72066390130950143, 
18446744073575333888, 1056964608, 4611686016313458688, 264241180, 
9223372036854775808, 536805376, 562813051273216, 17437864159662308352, 
18446744069414601696, 7, 4362862139015168, 35459249995775, 
140737488355328, 9187201402835828736, 18446744071553646463, 17451448556060896, 
576460748008456192, 18446462598732840960, 18446744073707454463, 8191, 
4539628424389459968, 17587891081216, 13830695193143148543, 844699808038911, 
4286578688, 288230376151679487, 504403158265495552, 1099511623800, 
4503599627370495, 18442240474082181120, 9224497932466651151, 70368744177663, 
2305843004919513088, 1436648281131188239, 9223371757748944896, 34201408693600255, 
324259168875716599, 4602678819172646912, 9068772845420544, 18446602782178704896, 
18446462873476530175, 287956460317442048, 68719476735, 1152921504606844928, 
18446532967477018623, 67108863, 4611686020054253695, 18446744073709551552, 
1125899906842623, 18446744004990074880, 4611686018427387903, 18446744073709486080, 
65535, 3065262496379043840, 9799832780635308032, 18446743798965862398, 
4294967295, 469826812, 13258596203467112448, 16383, 
576460752303423487, 131071, 18446708889337462784, 576460752303359999, 
18446466993558126591, 1152921504591118335, 18446463698244468735, 1261007895663738943, 
36028792723996672, 2147483647, 2251795518717952, 288230371856744448, 
13907115649320091647, 9745789593596260449, 549755813631, 262143, 
511, 1030792151040, 18446462599269711871, 4, 
33776997205278727, 18428730224955883519, 4503599627305072, 18430981475013754875, 
335544351, 64176294689767423, 18446462598732856320, 8763880767487, 
1733320707560538115, 16651466752, 18374686479671623680, 1073741856, 
18300658560796721151, 67043469, 9240401272945770495, 1, 
5187865295754100736, 67043328, 52776558133247, 1023, 
287948905067315199, 504403158265495551, 9223376430606319616, 8788774672813522945, 
243204224, 595591104, 144115188075855871, 13763141198732590080, 
18445618173802708992, 35468046088863743, 3458764513820541696, 18446739946245980160, 
4393780609023, 140737488355327, 127, 70368744112128, 
281474976710655, 72057559745232896, 9223372036854644767, 4294934528, 
1152921504606846975, 2305570330330005503, 1610612736, 17872500349164584960, 
28, 864653765997756415, 18446744073709551584, 8935141660164087871, 
18446744073709419615, 274877906943, 576460752169205756, 18437736874450616320, 
140737488322559, 18446741874686295040, 4087, 9042383626829823, 
281470547525648, 120158420736, 8323103, 67554020180361231, 
4613920252505418240, 1152917029250924544, 8388607, 9007199254740991, 
17179869183
};
