uint16_t table1[] = {
0, 
256, 512, 768, 1024, 1280, 1536, 1792, 312, 312, 2560, 2816, 3072, 2480, 2480, 2480, 2480, 2480, 2480, 2480, 2480, 2480, 2480, 2480, 2480, 2480, 2480, 2480, 2480, 2480, 2480, 2480, 2480, 
2480, 2480, 2480, 2480, 2480, 2480, 2480, 2480, 2480, 2480, 2480, 2480, 2480, 2480, 2480, 2480, 2480, 2480, 2480, 2480, 2480, 2480, 2480, 2480, 2480, 2480, 2480, 2480, 2480, 2480, 2480, 2480, 
2480, 2480, 2480, 2480, 2480, 2480, 2480, 2480, 2480, 2480, 2480, 2480, 2480, 2480, 2480, 2480, 2480, 2480, 2480, 2480, 2480, 2480, 2480, 2480, 2480, 2480, 2480, 2480, 2480, 2480, 2480, 2480, 
2480, 2480, 2480, 2480, 2480, 2480, 2480, 2480, 2480, 2480, 2480, 2480, 2480, 2480, 2480, 2480, 2480, 2480, 2480, 2480, 2480, 2480, 2480, 2480, 2480, 2480, 2480, 2480, 2480, 2480, 2480, 2480, 
2480, 2480, 2480, 2480, 2480, 2480, 2480, 2480, 2480, 2480, 2480, 2480, 2480, 2480, 2480, 2480, 2480, 2480, 2480, 2480, 2480, 2480, 2480, 2480, 2480, 2480, 2480, 2480, 2480, 2480, 2480, 2480, 
2480, 2480, 2480, 2480, 2480, 2480, 2480, 2480, 2480, 2480, 2480, 2480, 2480, 2480, 2480, 2480, 2480, 2480, 2480, 2480, 2480, 2480, 2480, 2480, 2480, 2480, 2480, 2480, 2480, 2480, 2480, 2480, 
2480, 2480, 2480, 2480, 2480, 2480, 2480, 2480, 2480, 2480, 2480, 2480, 2480, 2480, 2480, 2480, 2480, 2480, 2480, 2480, 2480, 2480, 2480, 2480, 2480, 2480, 2480, 2480, 2480, 2480, 2480, 2480, 
2480, 2480, 2480, 2480, 2480, 2480, 2480, 2480, 2480, 2480, 2480, 2480, 2480, 2480, 2480, 2480, 2480, 2480, 2480, 2480, 2480, 2480, 2480, 2480, 2480, 2480, 2480, 2480, 2480, 2480, 2480
};
uint16_t table2[] = {
0, 
1, 2, 3, 4, 4, 4, 5, 4, 4, 6, 7, 0, 8, 9, 10, 4, 4, 11, 0, 0, 12, 13, 14, 12, 0, 0, 15, 16, 0, 0, 17, 18, 
0, 0, 0, 19, 20, 21, 22, 23, 24, 25, 26, 27, 28, 29, 0, 30, 31, 32, 33, 34, 35, 36, 37, 38, 39, 40, 41, 0, 42, 43, 0, 44, 
45, 46, 47, 4, 4, 4, 4, 4, 13, 48, 0, 49, 50, 51, 52, 0, 0, 0, 0, 0, 0, 0, 0, 0, 53, 54, 55, 56, 57, 58, 59, 12, 
60, 61, 0, 0, 0, 0, 0, 62, 6, 0, 0, 63, 0, 64, 0, 0, 65, 66, 67, 0, 68, 0, 0, 4, 4, 4, 4, 69, 70, 71, 72, 0, 
73, 74, 0, 75, 0, 76, 0, 0, 0, 0, 0, 0, 0, 0, 0, 0, 0, 0, 0, 0, 0, 0, 0, 0, 0, 0, 0, 0, 0, 0, 0, 0, 
0, 0, 0, 0, 0, 0, 0, 0, 0, 0, 0, 0, 0, 0, 0, 77, 78, 4, 79, 80, 0, 81, 0, 0, 0, 0, 0, 0, 0, 0, 0, 82, 
0, 83, 84, 85, 0, 0, 0, 0, 0, 0, 0, 0, 0, 0, 0, 0, 0, 0, 0, 0, 0, 0, 0, 0, 0, 0, 0, 0, 0, 0, 0, 0, 
0, 0, 0, 0, 0, 0, 0, 0, 0, 0, 0, 0, 0, 0, 0, 0, 0, 0, 0, 0, 0, 0, 0, 0, 0, 0, 0, 0, 0, 0, 0, 0, 
0, 0, 0, 0, 0, 0, 0, 0, 0, 0, 0, 0, 0, 0, 0, 0, 0, 0, 0, 0, 0, 0, 0, 0, 0, 0, 0, 0, 0, 0, 0, 0, 
0, 0, 0, 0, 0, 0, 0, 0, 0, 0, 0, 0, 0, 0, 0, 0, 0, 0, 0, 0, 0, 0, 0, 4, 4, 4, 4, 4, 4, 4, 4, 4, 
4, 4, 4, 4, 4, 4, 4, 4, 4, 4, 4, 4, 4, 4, 4, 4, 4, 4, 4, 4, 4, 4, 4, 4, 4, 4, 4, 4, 4, 4, 4, 4, 
4, 4, 4, 4, 4, 4, 4, 4, 4, 4, 4, 4, 4, 4, 4, 4, 4, 4, 4, 4, 4, 4, 4, 4, 4, 4, 4, 4, 4, 4, 4, 4, 
4, 4, 4, 4, 4, 4, 4, 4, 4, 4, 4, 4, 4, 4, 4, 4, 4, 4, 4, 4, 4, 4, 4, 4, 4, 4, 4, 4, 4, 4, 4, 4, 
4, 4, 4, 4, 4, 4, 4, 4, 4, 4, 4, 4, 4, 4, 4, 4, 4, 4, 4, 4, 4, 4, 4, 4, 4, 4, 4, 4, 4, 4, 4, 4, 
4, 4, 4, 4, 4, 4, 4, 4, 4, 4, 4, 4, 4, 4, 4, 4, 4, 4, 4, 4, 4, 4, 4, 4, 4, 4, 4, 4, 4, 4, 4, 4, 
4, 4, 4, 4, 4, 4, 4, 4, 4, 4, 4, 4, 4, 4, 4, 4, 4, 4, 4, 4, 4, 4, 4, 4, 4, 4, 4, 4, 4, 4, 4, 4, 
4, 4, 4, 4, 4, 4, 4, 4, 4, 4, 4, 4, 4, 4, 4, 4, 4, 4, 4, 4, 4, 4, 4, 4, 4, 4, 4, 4, 4, 4, 4, 4, 
4, 4, 4, 4, 4, 4, 4, 4, 4, 4, 4, 4, 4, 4, 4, 4, 4, 4, 4, 4, 4, 4, 4, 4, 4, 4, 4, 4, 4, 4, 4, 4, 
4, 4, 4, 4, 4, 4, 4, 4, 4, 4, 4, 4, 4, 4, 4, 4, 4, 4, 4, 4, 4, 4, 4, 4, 4, 4, 4, 4, 4, 4, 4, 4, 
4, 4, 4, 4, 4, 4, 4, 4, 4, 4, 4, 4, 4, 4, 4, 4, 4, 4, 4, 4, 4, 4, 4, 4, 4, 4, 4, 4, 4, 4, 86, 6, 
0, 0, 0, 0, 0, 0, 0, 0, 0, 0, 0, 0, 0, 0, 0, 0, 0, 0, 87, 0, 0, 0, 0, 88, 77, 0, 89, 90, 91, 13, 92, 93, 
0, 94, 95, 96, 37, 0, 97, 61, 98, 28, 99, 0, 0, 0, 100, 0, 0, 0, 0, 0, 0, 0, 0, 0, 0, 0, 0, 0, 0, 0, 0, 0, 
0, 0, 0, 0, 0, 0, 0, 0, 0, 0, 0, 0, 0, 0, 0, 0, 0, 0, 0, 0, 0, 0, 0, 0, 0, 0, 0, 0, 0, 0, 0, 0, 
0, 0, 0, 0, 0, 0, 0, 0, 0, 0, 0, 0, 0, 0, 0, 0, 0, 0, 0, 0, 0, 0, 0, 0, 0, 0, 0, 0, 0, 0, 0, 0, 
0, 0, 0, 0, 0, 0, 0, 0, 0, 0, 0, 0, 0, 0, 0, 0, 0, 0, 0, 0, 0, 0, 0, 0, 0, 0, 0, 0, 0, 0, 0, 0, 
0, 0, 0, 0, 0, 0, 0, 0, 0, 0, 0, 0, 0, 0, 0, 0, 0, 0, 0, 0, 0, 0, 0, 0, 0, 0, 0, 0, 0, 0, 0, 0, 
0, 0, 0, 0, 0, 0, 0, 0, 0, 0, 0, 0, 0, 0, 0, 0, 0, 0, 0, 0, 0, 0, 0, 0, 0, 0, 0, 0, 0, 91, 101, 0, 
0, 0, 0, 0, 0, 0, 0, 0, 0, 0, 0, 0, 0, 0, 0, 0, 0, 0, 0, 0, 0, 0, 0, 0, 0, 0, 0, 0, 0, 0, 0, 0, 
0, 0, 0, 0, 0, 0, 0, 0, 0, 0, 0, 0, 0, 0, 0, 0, 0, 0, 0, 0, 0, 0, 0, 0, 0, 0, 0, 0, 0, 0, 0, 0, 
0, 0, 0, 0, 0, 0, 0, 0, 0, 0, 0, 0, 0, 0, 0, 0, 0, 0, 0, 0, 0, 0, 0, 0, 0, 0, 0, 0, 0, 0, 0, 0, 
0, 0, 0, 0, 0, 0, 0, 0, 0, 0, 0, 0, 0, 0, 0, 0, 0, 0, 0, 0, 0, 0, 0, 0, 0, 0, 0, 0, 0, 0, 0, 0, 
0, 0, 0, 4, 4, 4, 4, 4, 102, 4, 103, 104, 105, 106, 0, 0, 0, 0, 0, 0, 0, 107, 108, 0, 109, 4, 110, 111, 112, 113, 114, 115, 
116, 4, 84, 0, 0, 0, 0, 0, 0, 0, 0, 117, 118, 119, 120, 0, 0, 0, 0, 0, 0, 0, 0, 0, 0, 0, 0, 0, 121, 0, 0, 122, 
123, 124, 125, 126, 0, 127, 0, 128, 129, 0, 0, 0, 130, 131, 0, 4, 13, 0, 132, 0, 0, 0, 0, 0, 0, 0, 0, 133, 39, 0, 0, 134, 
0, 0, 135, 136, 0, 0, 137, 0, 0, 138, 124, 139, 0, 0, 0, 140, 0, 86, 0, 0, 0, 0, 141, 0, 0, 0, 0, 0, 0, 0, 0, 0, 
0, 0, 0, 0, 0, 0, 0, 142, 143, 144, 145, 0, 0, 0, 0, 0, 146, 0, 0, 147, 148, 149, 0, 0, 0, 0, 125, 0, 0, 0, 0, 4, 
4, 4, 4, 4, 4, 4, 4, 4, 4, 4, 4, 4, 4, 103, 0, 4, 77, 4, 4, 4, 60, 0, 0, 0, 0, 0, 0, 0, 0, 0, 0, 0, 
0, 0, 0, 0, 0, 0, 0, 0, 0, 0, 0, 0, 0, 0, 0, 0, 0, 0, 0, 0, 0, 0, 0, 0, 0, 0, 0, 0, 0, 0, 0, 4, 
4, 4, 4, 4, 4, 4, 4, 4, 4, 4, 4, 4, 4, 4, 4, 77, 0, 0, 0, 0, 0, 0, 0, 0, 0, 0, 0, 0, 0, 0, 0, 0, 
0, 0, 0, 0, 0, 0, 0, 0, 0, 0, 0, 0, 0, 0, 0, 0, 0, 0, 0, 0, 0, 0, 0, 0, 0, 0, 0, 0, 0, 0, 0, 0, 
0, 0, 0, 0, 0, 0, 0, 0, 0, 0, 0, 0, 0, 0, 0, 4, 4, 4, 4, 4, 4, 4, 4, 4, 37, 0, 0, 0, 0, 0, 0, 0, 
0, 0, 0, 0, 0, 0, 0, 0, 0, 0, 0, 0, 0, 0, 0, 0, 0, 0, 0, 0, 0, 0, 0, 0, 0, 0, 0, 0, 0, 0, 0, 0, 
0, 0, 0, 0, 0, 0, 0, 0, 0, 0, 0, 0, 0, 0, 0, 0, 0, 0, 0, 0, 0, 0, 0, 0, 0, 0, 0, 0, 0, 0, 0, 0, 
0, 0, 0, 0, 0, 0, 0, 0, 0, 0, 0, 0, 0, 0, 0, 0, 0, 0, 0, 0, 0, 0, 0, 0, 0, 0, 0, 0, 0, 0, 0, 0, 
0, 0, 0, 0, 0, 0, 0, 0, 0, 0, 0, 0, 0, 0, 0, 0, 0, 0, 0, 0, 0, 0, 0, 0, 0, 0, 0, 0, 0, 0, 0, 4, 
4, 4, 4, 4, 4, 4, 4, 145, 124, 0, 0, 86, 150, 151, 0, 0, 0, 0, 0, 0, 0, 0, 0, 0, 0, 0, 0, 0, 152, 153, 0, 4, 
4, 4, 4, 4, 4, 4, 4, 4, 4, 4, 4, 4, 4, 4, 4, 4, 4, 4, 4, 4, 4, 4, 4, 4, 4, 4, 4, 4, 4, 4, 4, 4, 
4, 4, 4, 4, 4, 4, 4, 4, 4, 4, 4, 4, 4, 4, 4, 4, 4, 4, 4, 4, 4, 4, 4, 4, 4, 4, 4, 4, 4, 4, 4, 4, 
4, 4, 4, 4, 4, 4, 4, 4, 4, 4, 4, 4, 4, 4, 4, 4, 4, 4, 4, 4, 4, 4, 4, 4, 4, 4, 4, 4, 4, 4, 106, 0, 
0, 0, 0, 0, 0, 0, 0, 0, 0, 0, 0, 0, 0, 0, 0, 0, 0, 0, 0, 0, 0, 0, 0, 0, 0, 0, 0, 0, 0, 0, 0, 0, 
0, 0, 0, 0, 0, 0, 0, 0, 0, 0, 0, 0, 0, 0, 0, 0, 0, 0, 0, 0, 0, 0, 0, 0, 0, 0, 0, 0, 0, 0, 0, 0, 
0, 0, 0, 0, 0, 0, 0, 0, 0, 0, 0, 0, 0, 0, 0, 0, 0, 0, 0, 0, 0, 0, 0, 0, 0, 0, 0, 0, 0, 0, 0, 0, 
0, 0, 0, 0, 0, 0, 0, 0, 0, 0, 0, 0, 0, 0, 0, 0, 0, 0, 0, 0, 0, 0, 0, 0, 0, 0, 0, 0, 0, 0, 0, 0, 
0, 0, 0, 0, 0, 0, 0, 0, 0, 0, 0, 0, 0, 0, 0, 0, 0, 0, 0, 0, 0, 0, 0, 0, 0, 0, 0, 0, 0, 0, 0, 0, 
0, 0, 0, 0, 0, 0, 0, 0, 0, 0, 0, 0, 0, 0, 0, 0, 0, 0, 0, 0, 0, 0, 0, 0, 0, 0, 0, 0, 0, 0, 0, 0, 
0, 0, 0, 0, 0, 0, 0, 0, 0, 0, 0, 0, 0, 0, 0, 0, 0, 13, 0, 0, 0, 0, 0, 0, 0, 0, 0, 0, 0, 0, 0, 0, 
0, 0, 0, 0, 0, 0, 0, 0, 0, 0, 0, 0, 0, 0, 0, 0, 0, 0, 0, 0, 0, 0, 0, 0, 0, 0, 0, 0, 0, 0, 0, 0, 
0, 0, 0, 0, 0, 0, 0, 0, 0, 0, 0, 0, 0, 0, 0, 0, 0, 0, 0, 0, 0, 0, 0, 0, 0, 0, 0, 0, 0, 0, 0, 0, 
0, 0, 0, 0, 0, 0, 0, 0, 0, 0, 0, 0, 0, 0, 0, 0, 0, 154, 0, 155, 156, 4, 4, 4, 4, 157, 158, 159, 160, 0, 0, 0, 
0, 0, 0, 0, 0, 0, 0, 0, 0, 0, 0, 0, 0, 0, 0, 0, 0, 0, 0, 0, 0, 0, 0, 0, 0, 0, 0, 0, 0, 0, 0, 0, 
0, 0, 0, 0, 0, 0, 0, 0, 0, 0, 0, 0, 0, 0, 0, 0, 0, 0, 0, 0, 0, 0, 0, 0, 0, 0, 0, 0, 0, 0, 0, 4, 
4, 4, 161, 4, 60, 0, 0, 0, 0, 0, 0, 0, 0, 0, 0, 0, 0, 0, 0, 0, 0, 0, 0, 162, 163, 164, 0, 0, 0, 0, 0, 0, 
0, 0, 0, 0, 0, 0, 0, 0, 0, 0, 0, 0, 0, 0, 0, 0, 0, 0, 0, 0, 0, 0, 0, 0, 0, 0, 0, 0, 0, 0, 0, 0, 
0, 0, 0, 0, 0, 0, 0, 0, 0, 0, 0, 0, 0, 0, 0, 0, 0, 0, 0, 0, 0, 0, 0, 0, 0, 0, 0, 0, 0, 0, 0, 4, 
4, 4, 4, 4, 4, 4, 4, 4, 4, 4, 4, 4, 4, 4, 4, 4, 4, 4, 4, 4, 4, 4, 4, 4, 4, 4, 4, 4, 4, 4, 4, 4, 
4, 4, 4, 4, 4, 4, 4, 4, 4, 4, 4, 4, 4, 4, 4, 4, 4, 4, 4, 4, 4, 4, 4, 4, 4, 4, 4, 4, 4, 4, 4, 4, 
4, 4, 4, 4, 4, 4, 4, 4, 4, 4, 4, 4, 4, 4, 4, 4, 4, 4, 4, 4, 4, 4, 4, 4, 4, 4, 4, 4, 4, 4, 4, 4, 
4, 4, 4, 4, 4, 4, 4, 4, 4, 4, 4, 4, 4, 4, 4, 4, 4, 4, 4, 4, 4, 4, 4, 4, 4, 4, 4, 4, 4, 4, 4, 4, 
4, 4, 4, 4, 4, 4, 4, 4, 4, 4, 4, 4, 4, 4, 4, 4, 4, 4, 4, 4, 4, 4, 4, 4, 4, 4, 81, 4, 4, 4, 4, 4, 
4, 4, 4, 4, 4, 4, 4, 4, 4, 4, 4, 4, 4, 4, 4, 4, 4, 4, 4, 4, 4, 4, 4, 4, 4, 4, 4, 4, 4, 4, 4, 4, 
4, 4, 4, 4, 4, 4, 4, 4, 4, 4, 4, 4, 4, 4, 4, 4, 4, 4, 4, 4, 4, 4, 4, 4, 4, 4, 4, 140, 0, 0, 0, 0, 
0, 0, 0, 0, 0, 0, 0, 0, 0, 0, 0, 0, 0, 0, 0, 0, 0, 0, 0, 0, 0, 0, 0, 0, 0, 0, 0, 0, 0, 0, 0, 0, 
0, 0, 0, 0, 0, 0, 0, 0, 0, 0, 0, 0, 0, 0, 0, 0, 0, 0, 0, 0, 0, 0, 0, 0, 0, 0, 0, 0, 0, 0, 0, 0, 
0, 0, 0, 0, 0, 0, 0, 0, 0, 0, 0, 0, 0, 0, 0, 0, 0, 0, 0, 0, 0, 0, 0, 0, 0, 91, 4, 4, 4, 4, 4, 4, 
4, 4, 4, 4, 4, 4, 4, 4, 4, 4, 4, 4, 4, 4, 4, 4, 4, 4, 4, 4, 4, 4, 4, 4, 4, 4, 4, 4, 4, 4, 4, 4, 
4, 4, 4, 4, 4, 4, 4, 4, 4, 4, 4, 4, 4, 4, 4, 4, 4, 4, 4, 4, 4, 4, 4, 4, 4, 4, 4, 4, 4, 4, 4, 4, 
4, 4, 4, 4, 4, 4, 4, 4, 4, 4, 4, 4, 4, 4, 4, 4, 4, 4, 4, 4, 4, 4, 4, 4, 4, 4, 4, 4, 4, 4, 4, 4, 
4, 4, 4, 4, 4, 4, 4, 4, 4, 4, 4, 4, 4, 4, 165, 0, 0, 0, 0, 0, 0, 0, 0, 0, 0, 0, 0, 0, 0, 0, 0, 0, 
0, 0, 0, 0, 0, 0, 0, 0, 0, 0, 0, 0, 0, 0, 0, 0, 0, 0, 0, 0, 0, 0, 0, 0, 0, 0, 0, 0, 0, 0, 0, 0, 
0, 0, 0, 0, 0, 0, 0, 0, 0, 0, 0, 0, 0, 0, 0, 0, 0, 0, 0, 0, 0, 0, 0, 0, 0, 0, 0, 0, 0, 0, 0, 0, 
0, 0, 0, 0, 0, 0, 0, 0, 0, 0, 0, 0, 0, 0, 0, 0, 0, 0, 0, 0, 0, 0, 0, 0, 0, 0, 0, 0, 0, 0, 0, 0, 
0, 0, 0, 0, 0, 0, 0, 0, 0, 0, 0, 0, 0, 0, 0, 0, 0, 0, 0, 0, 0, 0, 0, 0, 0, 0, 0, 0, 0, 0, 0, 0, 
0, 0, 0, 0, 0, 0, 0, 0, 0, 0, 0, 0, 0, 0, 0, 0, 0, 0, 0, 0, 0, 0, 0, 0, 0, 0, 0, 0, 0, 0, 0, 0, 
0, 0, 0, 0, 0, 0, 0, 0, 0, 0, 0, 0, 0, 0, 0, 0, 0, 0, 0, 0, 0, 0, 0, 0, 0, 0, 0, 0, 0, 0, 0, 0, 
0, 0, 0, 0, 0, 0, 0, 0, 0, 0, 0, 0, 0, 0, 0, 0, 0, 0, 0, 0, 0, 0, 0, 0, 0, 0, 0, 0, 0, 0, 0, 0, 
0, 0, 0, 0, 0, 0, 0, 0, 0, 0, 0, 0, 0, 0, 0, 0, 0, 0, 0, 0, 0, 0, 0, 0, 0, 0, 0, 0, 0, 0, 0, 0, 
0, 0, 0, 0, 0, 0, 0, 0, 0, 0, 0, 0, 0, 0, 0, 0, 0, 0, 0, 0, 0, 0, 0, 0, 0, 0, 0, 0, 0, 0, 0, 0, 
0, 0, 0, 0, 0, 0, 0, 0, 0, 0, 0, 0, 0, 0, 0, 0, 0, 0, 0, 0, 0, 0, 0, 0, 0, 0, 0, 0, 0, 0, 0
};
uint64_t leaves[] = {
0, 
576460743847706622, 297241973452963840, 18374686479671623680, 18446744073709551615, 
18446744073709551600, 2097151, 70368744177664, 4093772061279780864, 
17179854592, 18410715276690587648, 3, 18446744069414584320, 
511, 8796092956672, 11241196188468248576, 281474976448512, 
13519594975132672, 1099511627776, 288230376151711728, 18446181140919222272, 
2307527461027553249, 844424930131968, 27021597764224992, 7881300421640192, 
3936251627438080, 144115200960757760, 2585068385133395968, 562949953421312, 
106401218560, 2199022993408, 12884901888, 4499201580982241, 
1073741824, 576460752303161344, 16384, 3456512714015244256, 
127, 1688849860263934, 63, 1666919772987798, 
64, 35184372088575, 7936, 9223380832947798015, 
18437736884051378176, 16387, 17293822569102712960, 562949953371136, 
18446744073696706560, 134217727, 18446744069414649855, 18014398509481983, 
18446603336221196288, 18446744069548802046, 8796093022207, 8191, 
492581209505791, 4503599627370495, 276824064, 15, 
2199023255551, 18446744069422972927, 4503599627370464, 8589934584, 
4611686018360336384, 576460752303358463, 1055531162664960, 144106391982833664, 
1061158911, 134233856, 4620693217682128895, 7881299613122588, 
9223934986808197120, 536805376, 144044889108119556, 24, 
140737488355327, 14987979555594043392, 137438953471, 35734127902720, 
8388607, 1657329052328919040, 18446744066730229760, 576460752303423487, 
281474976710624, 281474976710655, 4611686018427322368, 13198434435072, 
281200098803712, 4286578688, 18446462598732840960, 540431955284459520, 
1976, 4503599627370492, 6988460721772167168, 18446462873610746880, 
8935422993945886720, 324259168875712496, 1134691704897537, 34359738367, 
1152921504606845055, 18446532967477018623, 67108863, 6845473631032049791, 
18446744073709551576, 1125899906842623, 18446744073709289472, 255, 
9223372036854775808, 2305843009213693951, 576460743713488896, 18446743798965862398, 
9223372033633550335, 64764, 4095, 1073676288, 
18446708893632430079, 18014398509418495, 1073741823, 65280, 
4194303, 9223372036854776064, 36028792728190975, 2147483647, 
2251795518717952, 288230371860938751, 13907115649320091647, 18014398490607617, 
2305843004918726656, 2251795522912255, 262143, 2251799813685247, 
18446463148488654848, 72057594037927928, 2199023190016, 549755813880, 
30, 18446464795608628480, 2585066186110664704, 9007199254740991, 
251658240, 290482175965394944, 18446744073441181696, 536871887, 
144115188075855871, 1, 895, 18446741324930482240, 
16778239, 16140901064495857664, 65535, 65536, 
4294443008, 864654157376651264, 8935141660164089728, 18446744073709419615, 
274877906943, 17293822569102704640, 18437736874452713471, 140737488322559, 
31, 144115767896440800, 6775656321457192964, 1152917029519357952, 
8589934591
};
