0 -0.000020498498
1 -0.000044937915
2 -0.000072987335
3 -0.000104257547
4 -0.000138295569
5 -0.000174577790
6 -0.000212501601
7 -0.000251375364
8 -0.000290406601
9 -0.000328688294
10 -0.000365183196
11 -0.000398706094
12 -0.000427903961
13 -0.000451233988
14 -0.000466939485
15 -0.000473023697
16 -0.000467221596
17 -0.000446969747
18 -0.000409374385
19 -0.000351177861
20 -0.000268723680
21 -0.000157920352
22 -0.000014204353
23 0.0001674975063
24 0.0003928059550
25 0.0006679269829
26 0.0009996890164
27 0.0013955790941
28 0.0018637775799
29 0.0024131909204
30 0.0030534819374
31 0.0037950971293
32 0.0046492904440
33 0.0056281429805
34 0.0067445780743
35 0.0080123712267
36 0.0094461543462
37 0.0110614137891
38 0.0128744817026
39 0.0149025202074
40 0.0171634979856
41 0.0196761588819
42 0.0224599821706
43 0.0255351341940
44 0.0289224111324
45 0.0326431727323
46 0.0367192668817
47 0.0411729449997
48 0.0460267682784
49 0.0513035048995
50 0.0570260184279
51 0.0632171476728
52 0.0698995783921
53 0.0770957073056
54 0.0848274989718
55 0.0931163361689
56 0.1019828645111
57 0.1114468321133
58 0.1215269252008
59 0.1322406006388
60 0.1436039164285
61 0.1556313612866
62 0.1683356844849
63 0.1817277271826
64 0.1958162565289
65 0.2106078038541
66 0.2261065082932
67 0.2423139672079
68 0.2592290947789
69 0.2768479901414
70 0.2951638164186
71 0.3141666919891
72 0.3338435952821
73 0.3541782843488
74 0.3751512323975
75 0.3967395804081
76 0.4189171078572
77 0.4416542224923
78 0.4649179699861
79 0.4886720641868
80 0.5128769385564
81 0.5374898192508
82 0.5624648201591
83 0.5877530600621
84 0.6133028019222
85 0.6390596141495
86 0.6649665535280
87 0.6909643693165
88 0.7169917278699
89 0.7429854569588
90 0.7688808087951
91 0.7946117406085
92 0.8201112114567
93 0.8453114937952
94 0.8701444981871
95 0.8945421093893
96 0.9184365319220
97 0.9417606431099
98 0.9644483514723
99 0.9864349582478
100 1.0076575197575
101 1.0280552082453
102 1.0475696687874
103 1.0661453698284
104 1.0837299448905
105 1.1002745230042
106 1.1157340454335
107 1.1300675663085
108 1.1432385348406
109 1.1552150568732
110 1.1659701336190
111 1.1754818755534
112 1.1837336895625
113 1.1907144376002
114 1.1964185652723
115 1.2008461989483
116 1.2040032101998
117 1.2059012465685
118 1.2065577278925
119 1.2059958076458
120 1.2042442989841
121 1.2013375654379
122 1.1973153764389
123 1.1922227281217
124 1.1861096300922
125 1.1790308591103
126 1.1710456808790
127 1.1622175413798
128 1.1526137294278
129 1.1423050123514
130 1.1313652469138
131 1.1198709678035
132 1.1079009562050
133 1.0955357911385
134 1.0828573864113
135 1.0699485161603
136 1.0568923320799
137 1.0437718755271
138 1.0306695877614
139 1.0176668216306
140 1.0048433580319
141 0.9922769304810
142 0.9800427610914
143 0.9682131112175
144 0.9568568499373
145 0.9460390434489
146 0.9358205683313
147 0.9262577514693
148 0.9174020392719
149 0.9092996986208
150 0.9019915517734
151 0.8955127472103
152 0.8898925681743
153 0.8851542803775
154 0.8813150200821
155 0.8783857234686
156 0.8763710979090
157 0.8752696354592
158 0.8750736685754
159 0.8757694677490
160 0.8773373804455
161 0.8797520104229
162 0.8829824362063
163 0.8869924671984
164 0.8917409356233
165 0.8971820222255
166 0.9032656133948
167 0.9099376871391
168 0.9171407251126
169 0.9248141477004
170 0.9328947689831
171 0.9413172682504
172 0.9500146746010
173 0.9589188610642
174 0.9679610445989
175 0.9770722882815
176 0.9861840019704
177 0.9952284377455
178 1.0041391764582
179 1.0128516017940
180 1.0213033583442
181 1.0294347903045
182 1.0371893575687
183 1.0445140261581
184 1.0513596301276
185 1.0576812023093
186 1.0634382714975
187 1.0685951239402
188 1.0731210272805
189 1.0769904153845
190 1.0801830327988
191 1.0826840378947
192 1.0844840640821
193 1.0855792388010
194 1.0859711603331
195 1.0856668328012
196 1.0846785600557
197 1.0830237994650
198 1.0807249769415
199 1.0778092648363
200 1.0743083246238
201 1.0702580165693
202 1.0656980788311
203 1.0606717786771
204 1.0552255387151
205 1.0494085412202
206 1.0432723138085
207 1.0368702998440
208 1.0302574170722
209 1.0234896080585
210 1.0166233860583
211 1.0097153799680
212 1.0028218820002
213 0.9959984016865
214 0.9892992297456
215 0.9827770152599
216 0.9764823594781
217 0.9704634294123
218 0.9647655942236
219 0.9594310871874
220 0.9544986958105
221 0.9500034824269
222 0.9459765373411
223 0.9424447663077
224 0.9394307138481
225 0.9369524236005
226 0.9350233365910
227 0.9336522279934
228 0.9328431826292
229 0.9325956091334
230 0.9329042923956
231 0.9337594835711
232 0.9351470266468
233 0.9370485202525
234 0.9394415131211
235 0.9422997313301
236 0.9455933352054
237 0.9492892035315
238 0.9533512424999
239 0.9577407166360
240 0.9624165987776
241 0.9673359360374
242 0.9724542285674
243 0.9777258178538
244 0.9831042812158
245 0.9885428291457
246 0.9939947021323
247 0.9994135636288
248 1.0047538858884
249 1.0099713254668
250 1.0150230853052
251 1.0198682604374
252 1.0244681645282
253 1.0287866346292
254 1.0327903117431
255 1.0364488950100
256 1.0397353675694
257 1.0426261924080
258 1.0451014767688
259 1.0471451039814
260 1.0487448318539
261 1.0498923570657
262 1.0505833452910
263 1.0508174270835
264 1.0505981598426
265 1.0499329564740
266 1.0488329816387
267 1.0473130167554
268 1.0453912951853
269 1.0430893092720
270 1.0404315911409
271 1.0374454693755
272 1.0341608038791
273 1.0306097014030
274 1.0268262143697
275 1.0228460257458
276 1.0187061228155
277 1.0144444627848
278 1.0100996331897
279 1.0057105101063
280 1.0013159171552
281 0.9969542882609
282 0.9926633370730
283 0.9884797358709
284 0.9844388066705
285 0.9805742271225
286 0.9769177536388
287 0.9734989640165
288 0.9703450216363
289 0.9674804631057
290 0.9649270109989
291 0.9627034131075
292 0.9608253093723
293 0.9593051274156
294 0.9581520073280
295 0.9573717561070
296 0.9569668318743
297 0.9569363577377
298 0.9572761649023
299 0.9579788643790
300 0.9590339463936
301 0.9604279063588
302 0.9621443960494
303 0.9641643984074
304 0.9664664242066
305 0.9690267286315
306 0.9718195456615
307 0.9748173380126
308 0.9779910602735
309 0.9813104327698
310 0.9847442236234
311 0.9882605364189
312 0.9918271008633
313 0.9954115638217
314 0.9989817781335
315 1.0025060866523
316 1.0059535990246
317 1.0092944588035
318 1.0125000986061
319 1.0155434811502
320 1.0183993241500
321 1.0210443072168
322 1.0234572590866
323 1.0256193236892
324 1.0275141037777
325 1.0291277810497
326 1.0304492119122
327 1.0314699982718
328 1.0321845329580
329 1.0325900196236
330 1.0326864671947
331 1.0324766591724
332 1.0319660983121
333 1.0311629274245
334 1.0300778272475
335 1.0287238925416
336 1.0271164877417
337 1.0252730836734
338 1.0232130769986
339 1.0209575941940
340 1.0185292819906
341 1.0159520863045
342 1.0132510217751
343 1.0104519340923
344 1.0075812573356
345 1.0046657685752
346 1.0017323419857
347 0.9988077047063
348 0.9959181966433
349 0.9930895363537
350 0.9903465950732
351 0.9877131808544
352 0.9852118346734
353 0.9828636402334
354 0.9806880490514
355 0.9787027222624
356 0.9769233904029
357 0.9753637322667
358 0.9740352737325
359 0.9729473072793
360 0.9721068327037
361 0.9715185193572
362 0.9711846900221
363 0.9711053263424
364 0.9712780955346
365 0.9716983979068
366 0.9723594345319
367 0.9732522942422
368 0.9743660589429
369 0.9756879260865
370 0.9772033470044
371 0.9788961796571
372 0.9807488542531
373 0.9827425500775
374 0.9848573817920
375 0.9870725933948
376 0.9893667579795
377 0.9917179813987
378 0.9941041079199
379 0.9965029259661
380 0.9988923720501
381 1.0012507310501
382 1.0035568310269
383 1.0057902308513
384 1.0079313989976
385 1.0099618819554
386 1.0118644608256
387 1.0136232947907
388 1.0152240502845
389 1.0166540148304
390 1.0179021946713
391 1.0189593954730
392 1.0198182855453
393 1.0204734411949
394 1.0209213739934
395 1.0211605399106
396 1.0211913304352
397 1.0210160459669
398 1.0206388519278
399 1.0200657181936
400 1.0193043425933
401 1.0183640593680
402 1.0172557336038
403 1.0159916427774
404 1.0145853466568
405 1.0130515468948
406 1.0114059377321
407 1.0096650492962
408 1.0078460850306
409 1.0059667548293
410 1.0040451054711
411 1.0020993499573
412 1.0001476973456
413 0.9982081846543
414 0.9962985123692
415 0.9944358850379
416 0.9926368583700
417 0.9909171941863
418 0.9892917244696
419 0.9877742256735
420 0.9863773043329
421 0.9851122949064
422 0.9839891706537
423 0.9830164682202
424 0.9822012264673
425 0.9815489399465
426 0.9810635272731
427 0.9807473145168
428 0.9806010335807
429 0.9806238354048
430 0.9808133176905
431 0.9811655667130
432 0.9816752126598
433 0.9823354978169
434 0.9831383568100
435 0.9840745080045
436 0.9851335550778
437 0.9863040976904
438 0.9875738501127
439 0.9889297666030
440 0.9903581722824
441 0.9918448982198
442 0.9933754194110
443 0.9949349943307
444 0.9965088047322
445 0.9980820943879
446 0.9996403054874
447 1.0011692114474
448 1.0026550449380
449 1.0040846199890
450 1.0054454471084
451 1.0067258404267
452 1.0079150159634
453 1.0090031802108
454 1.0099816083295
455 1.0108427113548
456 1.0115800919263
457 1.0121885881652
458 1.0126643054414
459 1.0130046358863
460 1.0132082656286
461 1.0132751698421
462 1.0132065958105
463 1.0130050343213
464 1.0126741798108
465 1.0122188797783
466 1.0116450740846
467 1.0109597248359
468 1.0101707376338
469 1.0092868750440
470 1.0083176631981
471 1.0072732924941
472 1.0061645134075
473 1.0050025284551
474 1.0037988813760
475 1.0025653446094
476 1.0013138061477
477 1.0000561568366
478 0.9988041791752
479 0.9975694386410
480 0.9963631785287
481 0.9951962192418
482 0.9940788629273
483 0.9930208042750
484 0.9920310482397
485 0.9911178353657
486 0.9902885753117
487 0.9895497890930
488 0.9889070604632
489 0.9883649967693
490 0.9879271995197
491 0.9875962448080
492 0.9873736736420
493 0.9872599921329
494 0.9872546814064
495 0.9873562170080
496 0.9875620974889
497 0.9878688817738
498 0.9882722348382
499 0.9887669811475
500 0.9893471652457
501 0.9900061188228
502 0.9907365335366
503 0.9915305388212
504 0.9923797838786
505 0.9932755230192
506 0.9942087034994
507 0.9951700549914
508 0.9961501798168
509 0.9971396430817
510 0.9981290618626
511 0.9991091926148
512 1.0000710160117
513 1.0010058184509
514 1.0019052695048
515 1.0027614946447
516 1.0035671426190
517 1.0043154469308
518 1.0050002809197
519 1.0056162060228
520 1.0061585128606
521 1.0066232548661
522 1.0070072742505
523 1.0073082201749
524 1.0075245590729
525 1.0076555771442
526 1.0077013751133
527 1.0076628554199
528 1.0075417020752
529 1.0073403534862
530 1.0070619686111
531 1.0067103868660
532 1.0062900822580
533 1.0058061122641
534 1.0052640620209
535 1.0046699844213
536 1.0040303367482
537 1.0033519144952
538 1.0026417830416
539 1.0019072078598
540 1.0011555839346
541 1.0003943650713
542 0.9996309937604
543 0.9988728322495
544 0.9981270954509
545 0.9974007862878
546 0.9967006340451
547 0.9960330362585
548 0.9954040046262
549 0.9948191153890
550 0.9942834645670
551 0.9938016283955
552 0.9933776292420
553 0.9930149072328
554 0.9927162977584
555 0.9924840149666
556 0.9923196412977
557 0.9922241230525
558 0.9921977719304
559 0.9922402724181
560 0.9923506948554
561 0.9925275139542
562 0.9927686324992
563 0.9930714099130
564 0.9934326953306
565 0.9938488647875
566 0.9943158620980
567 0.9948292429712
568 0.9953842218875
569 0.9959757212463
570 0.9965984222771
571 0.9972468172038
572 0.9979152621470
573 0.9985980302534
574 0.9992893645474
575 0.9999835300153
576 1.0006748644458
577 1.0013578275758
578 1.0020270481116
579 1.0026773682279
580 1.0033038851779
581 1.0039019896818
582 1.0044674008010
583 1.0049961970434
584 1.0054848434873
585 1.0059302147542
586 1.0063296137042
587 1.0066807857707
588 1.0069819288979
589 1.0072316990836
590 1.0074292115753
591 1.0075740378077
592 1.0076661982089
593 1.0077061510397
594 1.0076947774648
595 1.0076333630890
596 1.0075235762173
597 1.0073674431256
598 1.0071673206528
599 1.0069258664399
600 1.0066460071617
601 1.0063309051042
602 1.0059839234519
603 1.0056085906514
604 1.0052085642174
605 1.0047875943465
606 1.0043494876930
607 1.0038980716562
608 1.0034371595080
609 1.0029705166802
610 1.0025018285054
611 1.0020346696883
612 1.0015724757550
613 1.0011185167067
614 1.0006758730726
615 1.0002474145290
616 0.9998357812220
617 0.9994433678982
618 0.9990723109198
619 0.9987244782056
620 0.9984014621110
621 0.9981045752300
622 0.9978348490695
623 0.9975930355228
624 0.9973796110392
625 0.9971947833614
626 0.9970385006827
627 0.9969104630506
628 0.9968101358290
629 0.9967367650121
630 0.9966893941711
631 0.9966668828030
632 0.9966679258440
633 0.9966910741030
634 0.9967347553684
635 0.9967972959427
636 0.9968769423600
637 0.9969718830482
638 0.9970802697049
639 0.9972002381652
640 0.9973299285537
641 0.9974675045238
642 0.9976111714071
643 0.9977591931094
644 0.9979099076112
645 0.9980617409488
646 0.9982132195739
647 0.9983629810093
648 0.9985097827423
649 0.9986525093161
650 0.9987901776047
651 0.9989219402741
652 0.9990470874574
653 0.9991650466875
654 0.9992753811529
655 0.9993777863575
656 0.9994720852841
657 0.9995582221727
658 0.9996362550414
659 0.9997063470864
660 0.9997687571084
661 0.9998238291198
662 0.9998719812927
663 0.9999136944115
664 0.9999494999945
665 0.9999799682505
666 1.0000056960320
667 1.0000272949431
668 1.0000453797545
669 1.0000605572702
670 1.0000734157811
671 1.0000845152297
672 1.0000943781989
673 1.0001034818245
674 1.0001122507167
675 1.0001210509612
676 1.0001301852563
677 1.0001398892245
678 1.0001503289234
679 1.0001615995633
680 1.0001737254238
681 1.0001866609463
682 1.0002002929641
683 1.0002144440178
684 1.0002288766919
685 1.0002432988923
686 1.0002573699785
687 1.0002707076506
688 1.0002828954831
689 1.0002934909930
690 1.0003020341211
691 1.0003080560023
692 1.0003110879000
693 1.0003106701750
694 1.0003063611650
695 1.0002977458481
696 1.0002844441708
697 1.0002661189253
698 1.0002424830667
699 1.0002133063694
700 1.0001784213310
701 1.0001377282415
702 1.0000911993475
703 1.0000388820516
704 0.9999809011014
705 0.9999174597335
706 0.9998488397529
707 0.9997754005402
708 0.9996975769942
709 0.9996158764277
710 0.9995308744524
711 0.9994432098948
712 0.9993535788041
713 0.9992627276176
714 0.9991714455651
715 0.9990805563994
716 0.9989909095504
717 0.9989033708065
718 0.9988188126337
719 0.9987381042470
720 0.9986621015513
721 0.9985916370726
722 0.9985275099997
723 0.9984704764548
724 0.9984212401112
725 0.9983804432713
726 0.9983486585127
727 0.9983263810058
728 0.9983140215963
729 0.9983119007410
730 0.9983202433713
731 0.9983391747528
732 0.9983687173966
733 0.9984087890642
734 0.9984592018992
735 0.9985196627040
736 0.9985897743678
737 0.9986690384384
738 0.9987568588190
739 0.9988525465574
740 0.9989553256823
741 0.9990643400317
742 0.9991786610053
743 0.9992972961622
744 0.9994191985776
745 0.9995432768621
746 0.9996684057392
747 0.9997934370718
748 0.9999172112223
749 1.0000385686253
750 1.0001563614540
751 1.0002694652540
752 1.0003767904223
753 1.0004772934095
754 1.0005699875256
755 1.0006539532335
756 1.0007283478204
757 1.0007924143417
758 1.0008454897430
759 1.0008870120698
760 1.0009165266880
761 1.0009336914452
762 1.0009382807168
763 1.0009301882906
764 1.0009094290557
765 1.0008761394753
766 1.0008305768345
767 1.0007731172675
768 1.0007042525802
769 1.0006245858997
770 1.0005348261906
771 1.0004357816921
772 1.0003283523409
773 1.0002135212557
774 1.0000923453664
775 0.9999659452844
776 0.9998354945138
777 0.9997022081126
778 0.9995673309186
779 0.9994321254583
780 0.9992978596604
781 0.9991657944983
782 0.9990371716865
783 0.9989132015539
784 0.9987950512172
785 0.9986838331729
786 0.9985805944230
787 0.9984863062428
788 0.9984018546947
789 0.9983280319812
790 0.9982655287257
791 0.9982149272549
792 0.9981766959522
793 0.9981511847360
794 0.9981386217081
795 0.9981391110030
796 0.9981526318603
797 0.9981790389264
798 0.9982180637811
799 0.9982693176728
800 0.9983322954323
801 0.9984063805252
802 0.9984908511898
803 0.9985848875978
804 0.9986875799653
805 0.9987979375306
806 0.9989148983079
807 0.9990373395197
808 0.9991640886012
809 0.9992939346672
810 0.9994256403266
811 0.9995579537267
812 0.9996896207070
813 0.9998193969429
814 0.9999460599578
815 1.0000684208876
816 1.0001853358794
817 1.0002957170153
818 1.0003985426540
819 1.0004928670900
820 1.0005778294383
821 1.0006526616588
822 1.0007166956456
823 1.0007693693138
824 1.0008102316282
825 1.0008389465288
826 1.0008552957184
827 1.0008591802900
828 1.0008506211819
829 1.0008297584632
830 1.0007968494587
831 1.0007522657403
832 1.0006964890160
833 1.0006301059655
834 1.0005538020753
835 1.0004683545406
836 1.0003746243063
837 1.0002735473320
838 1.0001661251680
839 1.0000534149407
840 0.9999365188469
841 0.9998165732637
842 0.9996947375830
843 0.9995721828802
844 0.9994500805320
845 0.9993295908920
846 0.9992118521369
847 0.9990979693916
848 0.9989890042375
849 0.9988859647048
850 0.9987897958453
851 0.9987013709724
852 0.9986214836529
853 0.9985508405225
854 0.9984900549911
855 0.9984396418946
856 0.9984000131388
857 0.9983714743729
858 0.9983542227176
859 0.9983483455644
860 0.9983538204500
861 0.9983705160008
862 0.9983981939305
863 0.9984365120654
864 0.9984850283598
865 0.9985432058554
866 0.9986104185315
867 0.9986859579802
868 0.9987690408379
869 0.9988588168928
870 0.9989543777866
871 0.9990547662194
872 0.9991589855644
873 0.9992660097966
874 0.9993747936342
875 0.9994842827932
876 0.9995934242540
877 0.9997011764388
878 0.9998065192014
879 0.9999084635331
880 1.0000060608916
881 1.0000984120647
882 1.0001846754859
883 1.0002640749242
884 1.0003359064782
885 1.0003995448116
886 1.0004544485746
887 1.0005001649653
888 1.0005363333922
889 1.0005626882110
890 1.0005790605144
891 1.0005853789666
892 1.0005816696810
893 1.0005680551512
894 1.0005447522526
895 1.0005120693427
896 1.0004704024954
897 1.0004202309134
898 1.0003621115709
899 1.0002966731454
900 1.0002246093035
901 1.0001466714129
902 1.0000636607556
903 0.9999764203238
904 0.9998858262819
905 0.9997927791813
906 0.9996981950153
907 0.9996029962042
908 0.9995081025986
909 0.9994144225886
910 0.9993228444056
911 0.9992342276997
912 0.9991493954717
913 0.9990691264374
914 0.9989941478926
915 0.9989251291461
916 0.9988626755774
917 0.9988073233745
918 0.9987595349929
919 0.9987196953779
920 0.9986881089764
921 0.9986649975612
922 0.9986504988830
923 0.9986446661518
924 0.9986474683488
925 0.9986587913546
926 0.9986784398766
927 0.9987061401486
928 0.9987415433679
929 0.9987842298301
930 0.9988337137138
931 0.9988894484618
932 0.9989508327006
933 0.9990172166343
934 0.9990879088467
935 0.9991621834397
936 0.9992392874353
937 0.9993184483664
938 0.9993988819793
939 0.9994797999723
940 0.9995604176936
941 0.9996399617242
942 0.9997176772713
943 0.9997928353043
944 0.9998647393631
945 0.9999327319785
946 0.9999962006430
947 1.0000545832807
948 1.0001073731664
949 1.0001541232524
950 1.0001944498660
951 1.0002280357496
952 1.0002546324189
953 1.0002740618251
954 1.0002862173110
955 1.0002910638600
956 1.0002886376426
957 1.0002790448740
958 1.0002624599986
959 1.0002391232302
960 1.0002093374762
961 1.0001734646840
962 1.0001319216516
963 1.0000851753500
964 1.0000337378072
965 0.9999781606110
966 0.9999190290862
967 0.9998569562099
968 0.9997925763249
969 0.9997265387166
970 0.9996595011184
971 0.9995921232080
972 0.9995250601608
973 0.9994589563223
974 0.9993944390593
975 0.9993321128493
976 0.9992725536631
977 0.9992163036917
978 0.9991638664666
979 0.9991157024146
980 0.9990722248885
981 0.9990337967045
982 0.9990007272158
983 0.9989732699444
984 0.9989516207875
985 0.9989359168095
986 0.9989262356249
987 0.9989225953699
988 0.9989249552573
989 0.9989332167008
990 0.9989472249923
991 0.9989667715079
992 0.9989915964141
993 0.9990213918434
994 0.9990558055002
995 0.9990944446576
996 0.9991368804999
997 0.9991826527658
998 0.9992312746399
999 0.9992822378445
1000 0.9993350178765
1001 0.9993890793375
1002 0.9994438813039
1003 0.9994988826813
1004 0.9995535474939
1005 0.9996073500550
1006 0.9996597799710
1007 0.9997103469303
1008 0.9997585852341
1009 0.9998040580265
1010 0.9998463611873
1011 0.9998851268526
1012 0.9999200265333
1013 0.9999507738071
1014 0.9999771265614
1015 0.9999988887722
1016 1.0000159118067
1017 1.0000280952437
1018 1.0000353872086
1019 1.0000377842286
1020 1.0000353306128
1021 1.0000281173724
1022 1.0000162806956
1023 1.0000000000000
