0 -0.000000000000
1 -0.000000839401
2 -0.000001826157
3 -0.000002959697
4 -0.000004236609
5 -0.000005650455
6 -0.000007191603
7 -0.000008847113
8 -0.000010600667
9 -0.000012432544
10 -0.000014319652
11 -0.000016235619
12 -0.000018150941
13 -0.000020033189
14 -0.000021847286
15 -0.000023555842
16 -0.000025119548
17 -0.000026497638
18 -0.000027648401
19 -0.000028529751
20 -0.000029099843
21 -0.000029317731
22 -0.000029144065
23 -0.000028541814
24 -0.000027477005
25 -0.000025919476
26 -0.000023843625
27 -0.000021229147
28 -0.000018061747
29 -0.000014333821
30 -0.000010045084
31 -0.000005203143
32 0.0000001760067
33 0.0000060675667
34 0.0000124376117
35 0.0000192428786
36 0.0000264306663
37 0.0000339388618
38 0.0000416960978
39 0.0000496220481
40 0.0000576278672
41 0.0000656167746
42 0.0000734847870
43 0.0000811215969
44 0.0000884115951
45 0.0000952350312
46 0.0001014693072
47 0.0001069903922
48 0.0001116743496
49 0.0001153989604
50 0.0001180454300
51 0.0001195001580
52 0.0001196565533
53 0.0001184168731
54 0.0001156940619
55 0.0001114135687
56 0.0001055151148
57 0.0000979543885
58 0.0000887046393
59 0.0000777581454
60 0.0000651275286
61 0.0000508468905
62 0.0000349727451
63 0.0000175847246
64 -0.000001213963
65 -0.000021296347
66 -0.000042511790
67 -0.000064686390
68 -0.000087623690
69 -0.000111105711
70 -0.000134894315
71 -0.000158732892
72 -0.000182348366
73 -0.000205453530
74 -0.000227749675
75 -0.000248929515
76 -0.000268680376
77 -0.000286687631
78 -0.000302638352
79 -0.000316225137
80 -0.000327150085
81 -0.000335128872
82 -0.000339894889
83 -0.000341203383
84 -0.000338835569
85 -0.000332602644
86 -0.000322349664
87 -0.000307959214
88 -0.000289354837
89 -0.000266504146
90 -0.000239421587
91 -0.000208170782
92 -0.000172866422
93 -0.000133675647
94 -0.000090818888
95 -0.000044570123
96 0.0000047434862
97 0.0000567425905
98 0.0001109973139
99 0.0001670295868
100 0.0002243161559
101 0.0002822922695
102 0.0003403560263
103 0.0003978733702
104 0.0004541837003
105 0.0005086060627
106 0.0005604458774
107 0.0006090021475
108 0.0006535750896
109 0.0006934741151
110 0.0007280260880
111 0.0007565837742
112 0.0007785343944
113 0.0007933081860
114 0.0008003868760
115 0.0007993119621
116 0.0007896926992
117 0.0007712136848
118 0.0007436419397
119 0.0007068333784
120 0.0006607385689
121 0.0006054076848
122 0.0005409945563
123 0.0004677597347
124 0.0003860724923
125 0.0002964116884
126 0.0001993654419
127 0.0000956295629
128 -0.000013995292
129 -0.000128607768
130 -0.000247211262
131 -0.000368720677
132 -0.000491970467
133 -0.000615723911
134 -0.000738683592
135 -0.000859503001
136 -0.000976799172
137 -0.001089166272
138 -0.001195190012
139 -0.001293462769
140 -0.001382599259
141 -0.001461252629
142 -0.001528130792
143 -0.001582012833
144 -0.001621765312
145 -0.001646358277
146 -0.001654880791
147 -0.001646555784
148 -0.001620754045
149 -0.001577007147
150 -0.001515019144
151 -0.001434676838
152 -0.001336058458
153 -0.001219440590
154 -0.001085303222
155 -0.000934332753
156 -0.000767422877
157 -0.000585673239
158 -0.000390385788
159 -0.000183058793
160 0.0000346215199
161 0.0002607916910
162 0.0004934240953
163 0.0007303422948
164 0.0009692385941
165 0.0012076936900
166 0.0014431982786
167 0.0016731764558
168 0.0018950107231
169 0.0021060683846
170 0.0023037290985
171 0.0024854133257
172 0.0026486113976
173 0.0027909129106
174 0.0029100361373
175 0.0030038571377
176 0.0030704382421
177 0.0031080555732
178 0.0031152252760
179 0.0030907281239
180 0.0030336321763
181 0.0029433131743
182 0.0028194723729
183 0.0026621515264
184 0.0024717447655
185 0.0022490071290
186 0.0019950595398
187 0.0017113900501
188 0.0013998512102
189 0.0010626534575
190 0.0007023544578
191 0.0003218443756
192 -0.000075672908
193 -0.000486702568
194 -0.000907485488
195 -0.001334028636
196 -0.001762138972
197 -0.002187460637
198 -0.002605515132
199 -0.003011744166
200 -0.003401554799
201 -0.003770366474
202 -0.004113659493
203 -0.004427024487
204 -0.004706212354
205 -0.004947184178
206 -0.005146160576
207 -0.005299669940
208 -0.005404595015
209 -0.005458217279
210 -0.005458258560
211 -0.005402919385
212 -0.005290913518
213 -0.005121498230
214 -0.004894499823
215 -0.004610333989
216 -0.004270020631
217 -0.003875192809
218 -0.003428099535
219 -0.002931602184
220 -0.002389164374
221 -0.001804835207
222 -0.001183225842
223 -0.000529479443
224 0.0001507653809
225 0.0008514174750
226 0.0015659820992
227 0.0022876156384
228 0.0030091856505
229 0.0037233357886
230 0.0044225550600
231 0.0050992508268
232 0.0057458248930
233 0.0063547519720
234 0.0069186597823
235 0.0074304099796
236 0.0078831791011
237 0.0082705386732
238 0.0085865336193
239 0.0088257580944
240 0.0089834278783
241 0.0090554484659
242 0.0090384780185
243 0.0089299843655
244 0.0087282952869
245 0.0084326413568
246 0.0080431906830
247 0.0075610749465
248 0.0069884062167
249 0.0063282841012
250 0.0055847928799
251 0.0047629883624
252 0.0038688743157
253 0.0029093684078
254 0.0018922577241
255 0.0008261440236
256 -0.000279620985
257 -0.001415009963
258 -0.002569403338
259 -0.003731681192
260 -0.004890322901
261 -0.006033513721
262 -0.007149257409
263 -0.008225493879
264 -0.009250220801
265 -0.010211618022
266 -0.011098173561
267 -0.011898809955
268 -0.012603009632
269 -0.013200937998
270 -0.013683562914
271 -0.014042769213
272 -0.014271466948
273 -0.014363692093
274 -0.014314698443
275 -0.014121039528
276 -0.013780639440
277 -0.013292851536
278 -0.012658504092
279 -0.011879932088
280 -0.010960994434
281 -0.009907076065
282 -0.008725074489
283 -0.007423370509
284 -0.006011783014
285 -0.004501507866
286 -0.002905041115
287 -0.001236086900
288 0.0004905494123
289 0.0022590821401
290 0.0040528793728
291 0.0058546092122
292 0.0076463969754
293 0.0094099920392
294 0.0111269428674
295 0.0127787786416
296 0.0143471958112
297 0.0158142477805
298 0.0171625358799
299 0.0183753997016
300 0.0194371048462
301 0.0203330260962
302 0.0210498240374
303 0.0215756131609
304 0.0219001195197
305 0.0220148260729
306 0.0219131039283
307 0.0215903277955
308 0.0210439740807
309 0.0202737001923
310 0.0192814037840
311 0.0180712608330
312 0.0166497416432
313 0.0150256040614
314 0.0132098634124
315 0.0112157388817
316 0.0090585763078
317 0.0067557475855
318 0.0043265271214
319 0.0017919460307
320 -0.000825374998
321 -0.003501413006
322 -0.006210948825
323 -0.008927790285
324 -0.011625010730
325 -0.014275200808
326 -0.016850731308
327 -0.019324024691
328 -0.021667832755
329 -0.023855517821
330 -0.025861334669
331 -0.027660710425
332 -0.029230519529
333 -0.030549350901
334 -0.031597764448
335 -0.032358534064
336 -0.032816874384
337 -0.032960648612
338 -0.032780554905
339 -0.032270288926
340 -0.031426680378
341 -0.030249801537
342 -0.028743046025
343 -0.026913176347
344 -0.024770338964
345 -0.022328045999
346 -0.019603122952
347 -0.016615622169
348 -0.013388702097
349 -0.009948472742
350 -0.006323808057
351 -0.002546126373
352 0.0013508597248
353 0.0053314222735
354 0.0093581234906
355 0.0133921455933
356 0.0173936421789
357 0.0213221081874
358 0.0251367652158
359 0.0287969587292
360 0.0322625635172
361 0.0354943935809
362 0.0384546125058
363 0.0411071402814
364 0.0434180524750
365 0.0453559676469
366 0.0468924189215
367 0.0480022056895
368 0.0486637215256
369 0.0488592545474
370 0.0485752566317
371 0.0478025781269
372 0.0465366649644
373 0.0447777153704
374 0.0425307937128
375 0.0398058993816
376 0.0366179889921
377 0.0329869506201
378 0.0289375292135
379 0.0244992027842
380 0.0197060094498
381 0.0145963258782
382 0.0092125981671
383 0.0036010266763
384 -0.002188793188
385 -0.008104271780
386 -0.014090264669
387 -0.020089547415
388 -0.026043321862
389 -0.031891749807
390 -0.037574509533
391 -0.043031370369
392 -0.048202780167
393 -0.053030460367
394 -0.057458003104
395 -0.061431464685
396 -0.064899949695
397 -0.067816179908
398 -0.070137042257
399 -0.071824110137
400 -0.072844132483
401 -0.073169485236
402 -0.072778580042
403 -0.071656225336
404 -0.069793935308
405 -0.067190182624
406 -0.063850591239
407 -0.059788066104
408 -0.055022857107
409 -0.049582555127
410 -0.043502018697
411 -0.036823230354
412 -0.029595082408
413 -0.021873092512
414 -0.013719050065
415 -0.005200595132
416 0.0036092677422
417 0.0126327178570
418 0.0217877251505
419 0.0309887112507
420 0.0401472599390
421 0.0491728716582
422 0.0579737561770
423 0.0664576570612
424 0.0745327011866
425 0.0821082661632
426 0.0890958582439
427 0.0954099930438
428 0.1009690712255
429 0.1056962411977
430 0.1095202408352
431 0.1123762102656
432 0.1142064678746
433 0.1149612418583
434 0.1145993499061
435 0.1130888199173
436 0.1104074450454
437 0.1065432668226
438 0.1014949806373
439 0.0952722584154
440 0.0878959839935
441 0.0793983973562
442 0.0698231446395
443 0.0592252315695
444 0.0476708788098
445 0.0352372785136
446 0.0220122522241
447 0.0080938111228
448 -0.006410379514
449 -0.021383628937
450 -0.036700939060
451 -0.052229807719
452 -0.067831111880
453 -0.083360064834
454 -0.098667240700
455 -0.113599658898
456 -0.128001920603
457 -0.141717388667
458 -0.154589401957
459 -0.166462514687
460 -0.177183750924
461 -0.186603864232
462 -0.194578592182
463 -0.200969895414
464 -0.205647170877
465 -0.208488428985
466 -0.209381424586
467 -0.208224731876
468 -0.204928753776
469 -0.199416656654
470 -0.191625221854
471 -0.181505606013
472 -0.169024002848
473 -0.154162199821
474 -0.136918023851
475 -0.117305671129
476 -0.095355916957
477 -0.071116202497
478 -0.044650596267
479 -0.016039629245
480 0.0146199965656
481 0.0472158251917
482 0.0816201874612
483 0.1176908625305
484 0.1552718562199
485 0.1941942912275
486 0.2342774033469
487 0.2753296369130
488 0.3171498318472
489 0.3595284938812
490 0.4022491388092
491 0.4450897009614
492 0.4878239955121
493 0.5302232237395
494 0.5720575099458
495 0.6130974584272
496 0.6531157186601
497 0.6918885467463
498 0.7291973511272
499 0.7648302106510
500 0.7985833532447
501 0.8302625837089
502 0.8596846495152
503 0.8866785339424
504 0.9110866664286
505 0.9327660406464
506 0.9515892315162
507 0.9674453031532
508 0.9802406005938
509 0.9898994190546
510 0.9963645454407
511 0.9995976678229
512 0.9995796496502
513 0.9963106665280
514 0.9898102044839
515 0.9801169197391
516 0.9672883610977
517 0.9514005571556
518 0.9325474715993
519 0.9108403309028
520 0.8864068297405
521 0.8593902203868
522 0.8299482932880
523 0.7982522568309
524 0.7644855251165
525 0.7288424232509
526 0.6915268202888
527 0.6527507005093
528 0.6127326841508
529 0.5716965090940
530 0.5298694852416
531 0.4874809335128
532 0.4447606214330
533 0.4019372072724
534 0.3592367045533
535 0.3168809785216
536 0.2750862858577
537 0.2340618684876
538 0.1940086118591
539 0.1551177774632
540 0.1175698187243
541 0.0815332886490
542 0.0471638468329
543 0.0146033725668
544 -0.016020810115
545 -0.044596590553
546 -0.071027608818
547 -0.095233669409
548 -0.117151029383
549 -0.136732560070
550 -0.153947782513
551 -0.168782777845
552 -0.181239974753
553 -0.191337817200
554 -0.199110316483
555 -0.204606492627
556 -0.207889710924
557 -0.209036920250
558 -0.208137800494
559 -0.205293827105
560 -0.200617261329
561 -0.194230075233
562 -0.186262821013
563 -0.176853454446
564 -0.166146122572
565 -0.154289925885
566 -0.141437665352
567 -0.127744584602
568 -0.113367117501
569 -0.098461651160
570 -0.083183314130
571 -0.067684799233
572 -0.052115230002
573 -0.036619079251
574 -0.021335147710
575 -0.006395610039
576 0.0080748651252
577 0.0219599151718
578 0.0351521984225
579 0.0475540195794
580 0.0590778621863
581 0.0696468254174
582 0.0791949633638
583 0.0876675258446
584 0.0950211006258
585 0.1012236577725
586 0.1062544976845
587 0.1101041051629
588 0.1127739126212
589 0.1142759762829
590 0.1146325698864
591 0.1138757010536
592 0.1120465560517
593 0.1091948791980
594 0.1053782936100
595 0.1006615703903
596 0.0951158536575
597 0.0888178490787
598 0.0818489837392
599 0.0742945452874
600 0.0662428083249
601 0.0577841559736
602 0.0490102044419
603 0.0400129382345
604 0.0308838634093
605 0.0217131859806
606 0.0125890222053
607 0.0035966470723
608 -0.005182213149
609 -0.013670038956
610 -0.021794121464
611 -0.029487107832
612 -0.036687484686
613 -0.043339996534
614 -0.049395996874
615 -0.054813730307
616 -0.059558544644
617 -0.063603032664
618 -0.066927103790
619 -0.069517986631
620 -0.071370163896
621 -0.072485241823
622 -0.072871756783
623 -0.072544922258
624 -0.071526319863
625 -0.069843538538
626 -0.067529766395
627 -0.064623340083
628 -0.061167256796
629 -0.057208654303
630 -0.052798264555
631 -0.047989846553
632 -0.042839604238
633 -0.037405595168
634 -0.031747135722
635 -0.025924208488
636 -0.019996877322
637 -0.014024715415
638 -0.008066251434
639 -0.002178438548
640 0.0035838491749
641 0.0091682888807
642 0.0145255457812
643 0.0196096714405
644 0.0243784605781
645 0.0287937639546
646 0.0328217553624
647 0.0364331512247
648 0.0396033817869
649 0.0423127133659
650 0.0445463215987
651 0.0462943161005
652 0.0475517173952
653 0.0483183874165
654 0.0485989152941
655 0.0484024605276
656 0.0477425560125
657 0.0466368737140
658 0.0451069560777
659 0.0431779165321
660 0.0408781126544
661 0.0382387957611
662 0.0352937408252
663 0.0320788607264
664 0.0286318089028
665 0.0249915744959
666 0.0211980740617
667 0.0172917438631
668 0.0133131366683
669 0.0093025268431
670 0.0052995273685
671 0.0013427222124
672 -0.002530682737
673 -0.006285187219
674 -0.009887299952
675 -0.013305815396
676 -0.016512061857
677 -0.019480119177
678 -0.022187004604
679 -0.024612825753
680 -0.026740899938
681 -0.028557839489
682 -0.030053603006
683 -0.031221512838
684 -0.032058239392
685 -0.032563753210
686 -0.032741246005
687 -0.032597022172
688 -0.032140362494
689 -0.031383362052
690 -0.030340744487
691 -0.029029655026
692 -0.027469434754
693 -0.025681378807
694 -0.023688481222
695 -0.021515169254
696 -0.019187030027
697 -0.016730532361
698 -0.014172746635
699 -0.011541065483
700 -0.008862928034
701 -0.006165550340
702 -0.003475664481
703 -0.000819268724
704 0.0017786090840
705 0.0042941328628
706 0.0067048625687
707 0.0089899397894
708 0.0111302532735
709 0.0131085832447
710 0.0149097235855
711 0.0165205812164
712 0.0179302522365
713 0.0191300746357
714 0.0201136576219
715 0.0208768878390
716 0.0214179129761
717 0.0217371034772
718 0.0218369932660
719 0.0217222005810
720 0.0213993301955
721 0.0208768584436
722 0.0201650026163
723 0.0192755764065
724 0.0182218331816
725 0.0170182989393
726 0.0156805968618
727 0.0142252654184
728 0.0126695719867
729 0.0110313239553
730 0.0093286792519
731 0.0075799581946
732 0.0058034585089
733 0.0040172752722
734 0.0022391274558
735 0.0004861926281
736 -0.001225048738
737 -0.002878958047
738 -0.004460871277
739 -0.005957218576
740 -0.007355629902
741 -0.008645026000
742 -0.009815694179
743 -0.010859348532
744 -0.011769174390
745 -0.012539856963
746 -0.013167594306
747 -0.013650094864
748 -0.013986560044
749 -0.014177652354
750 -0.014225449822
751 -0.014133387495
752 -0.013906186956
753 -0.013549774871
754 -0.013071191675
755 -0.012478491569
756 -0.011780635076
757 -0.010987375409
758 -0.010109139978
759 -0.009156908351
760 -0.008142087983
761 -0.007076389032
762 -0.005971699548
763 -0.004839962270
764 -0.003693054246
765 -0.002542670396
766 -0.001400212096
767 -0.000276681772
768 0.0008174156076
769 0.0018721633249
770 0.0028783152825
771 0.0038273693614
772 0.0047116312621
773 0.0055242684498
774 0.0062593539317
775 0.0069118997032
776 0.0074778798129
777 0.0079542431005
778 0.0083389157676
779 0.0086307940383
780 0.0088297272638
781 0.0089364919088
782 0.0089527569420
783 0.0088810412249
784 0.0087246635567
785 0.0084876860931
786 0.0081748519006
787 0.0077915174509
788 0.0073435808832
789 0.0068374068892
790 0.0062797490796
791 0.0056776706958
792 0.0050384645223
793 0.0043695728386
794 0.0036785082248
795 0.0029727760032
796 0.0022597990598
797 0.0015468457412
798 0.0008409614734
799 0.0001489046905
800 -0.000522912400
801 -0.001168477757
802 -0.001782227746
803 -0.002359089376
804 -0.002894516259
805 -0.003384518131
806 -0.003825683812
807 -0.004215197584
808 -0.004550848998
809 -0.004831036231
810 -0.005054763140
811 -0.005221630240
812 -0.005331819892
813 -0.005386076022
814 -0.005385678747
815 -0.005332414344
816 -0.005228540990
817 -0.005076750777
818 -0.004880128501
819 -0.004642107749
820 -0.004366424832
821 -0.004057071089
822 -0.003718244125
823 -0.003354298502
824 -0.002969696424
825 -0.002568958915
826 -0.002156617989
827 -0.001737170261
828 -0.001315032443
829 -0.000894499126
830 -0.000479703200
831 -0.000074579243
832 0.0003171698300
833 0.0006921026421
834 0.0010470655286
835 0.0013792148849
836 0.0016860355695
837 0.0019653553040
838 0.0022153550562
839 0.0024345754283
840 0.0026219191213
841 0.0027766495786
842 0.0028983859530
843 0.0029870945737
844 0.0030430771209
845 0.0030669557423
846 0.0030596553731
847 0.0030223835385
848 0.0029566079363
849 0.0028640321113
850 0.0027465695412
851 0.0026063164614
852 0.0024455237561
853 0.0022665682437
854 0.0020719236789
855 0.0018641317856
856 0.0016457736242
857 0.0014194415811
858 0.0011877122549
859 0.0009531204907
860 0.0007181347959
861 0.0004851343469
862 0.0002563877717
863 0.0000340338678
864 -0.000179935610
865 -0.000383690988
866 -0.000575577455
867 -0.000754125534
868 -0.000918059227
869 -0.001066301815
870 -0.001197979359
871 -0.001312421933
872 -0.001409162673
873 -0.001487934719
874 -0.001548666185
875 -0.001591473255
876 -0.001616651574
877 -0.001624666083
878 -0.001616139454
879 -0.001591839319
880 -0.001552664468
881 -0.001499630199
882 -0.001433853018
883 -0.001356534871
884 -0.001268947097
885 -0.001172414290
886 -0.001068298237
887 -0.000957982110
888 -0.000842855072
889 -0.000724297433
890 -0.000603666515
891 -0.000482283336
892 -0.000361420220
893 -0.000242289448
894 -0.000126033009
895 -0.000013713537
896 0.0000936935346
897 0.0001953065513
898 0.0002903429340
899 0.0003781231923
900 0.0004580736586
901 0.0005297279695
902 0.0005927273287
903 0.0006468196003
904 0.0006918572916
905 0.0007277944921
906 0.0007546828496
907 0.0007726666651
908 0.0007819771990
909 0.0007829262854
910 0.0007758993525
911 0.0007613479539
912 0.0007397819112
913 0.0007117611737
914 0.0006778874961
915 0.0006387960351
916 0.0005951469594
917 0.0005476171685
918 0.0004968922037
919 0.0004436584363
920 0.0003885956037
921 0.0003323697644
922 0.0002756267288
923 0.0002189860197
924 0.0001630354040
925 0.0001083260332
926 0.0000553682167
927 0.0000046278488
928 -0.000043476502
929 -0.000088575842
930 -0.000130352335
931 -0.000168540245
932 -0.000202926250
933 -0.000233349157
934 -0.000259699043
935 -0.000281915867
936 -0.000299987589
937 -0.000313947847
938 -0.000323873226
939 -0.000329880190
940 -0.000332121708
941 -0.000330783643
942 -0.000326080950
943 -0.000318253732
944 -0.000307563223
945 -0.000294287723
946 -0.000278718557
947 -0.000261156094
948 -0.000241905864
949 -0.000221274825
950 -0.000199567808
951 -0.000177084175
952 -0.000154114715
953 -0.000130938807
954 -0.000107821870
955 -0.000085013109
956 -0.000062743572
957 -0.000041224528
958 -0.000020646162
959 -0.000001176591
960 0.0000170388070
961 0.0000338777578
962 0.0000492411631
963 0.0000630528945
964 0.0000752593252
965 0.0000858286208
966 0.0000947498101
967 0.0001020316595
968 0.0001077013749
969 0.0001118031569
970 0.0001143966344
971 0.0001155552029
972 0.0001153642936
973 0.0001139195974
974 0.0001113252685
975 0.0001076921325
976 0.0001031359185
977 0.0000977755378
978 0.0000917314273
979 0.0000851239740
980 0.0000780720377
981 0.0000706915820
982 0.0000630944274
983 0.0000553871337
984 0.0000476700177
985 0.0000400363131
986 0.0000325714725
987 0.0000253526140
988 0.0000184481090
989 0.0000119173103
990 0.0000058104136
991 0.0000001684474
992 -0.000004976616
993 -0.000009601641
994 -0.000013692002
995 -0.000017241169
996 -0.000020250214
997 -0.000022727245
998 -0.000024686788
999 -0.000026149118
1000 -0.000027139562
1001 -0.000027687780
1002 -0.000027827031
1003 -0.000027593448
1004 -0.000027025315
1005 -0.000026162365
1006 -0.000025045115
1007 -0.000023714222
1008 -0.000022209897
1009 -0.000020571355
1010 -0.000018836324
1011 -0.000017040607
1012 -0.000015217710
1013 -0.000013398518
1014 -0.000011611046
1015 -0.000009880243
1016 -0.000008227853
1017 -0.000006672345
1018 -0.000005228888
1019 -0.000003909381
1020 -0.000002722532
1021 -0.000001673982
1022 -0.000000766465
1023 -0.000000000000
