0 -13.83182953010
1 1.7990229672690
2 0.6487752915524
3 0.8066397140339
4 0.5193479698965
5 0.6079873050175
6 0.4675333079610
7 0.5162410084969
8 0.4297649076451
9 0.4545453724165
10 0.3929976182582
11 0.4019914110192
12 0.3531025885019
13 0.3510320988618
14 0.3089233167651
15 0.2989423481817
16 0.2607433563330
17 0.2452444855292
18 0.2096972603835
19 0.1906727214353
20 0.1574398329925
21 0.1366319717890
22 0.1058974014554
23 0.0848444664452
24 0.0570540208161
25 0.0370832514313
26 0.0127624144657
27 -0.005036407277
28 -0.025413310289
29 -0.040218277489
30 -0.056318068650
31 -0.067594987876
32 -0.079280989854
33 -0.086787680492
34 -0.094142943019
35 -0.097914784185
36 -0.101237267617
37 -0.101554318293
38 -0.101328781480
39 -0.098667062729
40 -0.095520167794
41 -0.090491731391
42 -0.085135672585
43 -0.078424184170
44 -0.071596647927
45 -0.063893727529
46 -0.056300349240
47 -0.048248792559
48 -0.040514281301
49 -0.032662732671
50 -0.025294582726
51 -0.018066778933
52 -0.011434534103
53 -0.005115353543
54 0.0005549277299
55 0.0058175990560
56 0.0104331412137
57 0.0146128586339
58 0.0181920740100
59 0.0213576465663
60 0.0239996704975
61 0.0262821167945
62 0.0281326804450
63 0.0296910340722
64 0.0309080492964
65 0.0318979137345
66 0.0326227405675
67 0.0331704974371
68 0.0335065299347
69 0.0336933177869
70 0.0336946460267
71 0.0335500582370
72 0.0332204313272
73 0.0327268411598
74 0.0320285289487
75 0.0311336627431
76 0.0300034859484
77 0.0286399697863
78 0.0270104832328
79 0.0251176929199
80 0.0229397657208
81 0.0204857942817
82 0.0177486799918
83 0.0147485735071
84 0.0114954941835
85 0.0080229544700
86 0.0043587243814
87 0.0005499006688
88 -0.003359773056
89 -0.007311488331
90 -0.011249393240
91 -0.015107195140
92 -0.018822070174
93 -0.022325842193
94 -0.025555351846
95 -0.028446906819
96 -0.030943608290
97 -0.032992918908
98 -0.034550549306
99 -0.035580497163
100 -0.036056593667
101 -0.035963345083
102 -0.035296182586
103 -0.034062382067
104 -0.032280306965
105 -0.029979645947
106 -0.027200856371
107 -0.023993885323
108 -0.020417586881
109 -0.016538167968
110 -0.012427834274
111 -0.008162782181
112 -0.003822401134
113 0.0005139341003
114 0.0047667300897
115 0.0088603861514
116 0.0127224240910
117 0.0162873836189
118 0.0194956945550
119 0.0222975366296
120 0.0246512066292
121 0.0265257445543
122 0.0279001304595
123 0.0287643807590
124 0.0291185506152
125 0.0289732931703
126 0.0283486857353
127 0.0272736742945
128 0.0257851193115
129 0.0239266278830
130 0.0217472858112
131 0.0193005006385
132 0.0166422890014
133 0.0138303664054
134 0.0109222277399
135 0.0079745089058
136 0.0050411741893
137 0.0021727075895
138 -0.000584623010
139 -0.003189871004
140 -0.005607927364
141 -0.007809621457
142 -0.009772402654
143 -0.011480159330
144 -0.012922763133
145 -0.014096514938
146 -0.015003044122
147 -0.015648906853
148 -0.016045501585
149 -0.016207011772
150 -0.016151595407
151 -0.015898455197
152 -0.015469058304
153 -0.014884730959
154 -0.014167287486
155 -0.013337478640
156 -0.012415201214
157 -0.011418397962
158 -0.010363643023
159 -0.009264748332
160 -0.008134127791
161 -0.006981472471
162 -0.005815026738
163 -0.004640671248
164 -0.003463536644
165 -0.002287164019
166 -0.001114353478
167 0.0000519839141
168 0.0012093820628
169 0.0023544494462
170 0.0034834970775
171 0.0045911650129
172 0.0056714298134
173 0.0067161661187
174 0.0077165720497
175 0.0086614209510
176 0.0095392684754
177 0.0103364494803
178 0.0110396416789
179 0.0116339676597
180 0.0121056569664
181 0.0124403792454
182 0.0126257775529
183 0.0126500719719
184 0.0125041973541
185 0.0121810926786
186 0.0116768348005
187 0.0109907094305
188 0.0101254281252
189 0.0090876076344
190 0.0078875963722
191 0.0065397027506
192 0.0050616141425
193 0.0034751062516
194 0.0018043122554
195 0.0000768223763
196 -0.001678425629
197 -0.003429814150
198 -0.005146101310
199 -0.006794810089
200 -0.008344737589
201 -0.009765349499
202 -0.011028874925
203 -0.012109346775
204 -0.012985070732
205 -0.013637368882
206 -0.014052738337
207 -0.014221700611
208 -0.014140376299
209 -0.013809464079
210 -0.013235372144
211 -0.012428962066
212 -0.011406333611
213 -0.010187716451
214 -0.008797478428
215 -0.007263295447
216 -0.005615774527
217 -0.003887385135
218 -0.002112041574
219 -0.000324331807
220 0.0014416636567
221 0.0031523979468
222 0.0047765159799
223 0.0062845791930
224 0.0076504233367
225 0.0088511824632
226 0.0098680351539
227 0.0106863197534
228 0.0112958312025
229 0.0116910203593
230 0.0118706909004
231 0.0118382503077
232 0.0116011868935
233 0.0111709592724
234 0.0105625130415
235 0.0097935446246
236 0.0088848443614
237 0.0078584675113
238 0.0067381884055
239 0.0055483697803
240 0.0043138317532
241 0.0030586203465
242 0.0018060062714
243 0.0005780939622
244 -0.000605227070
245 -0.001725658790
246 -0.002768014655
247 -0.003718751002
248 -0.004568012343
249 -0.005307889836
250 -0.005933662491
251 -0.006442644660
252 -0.006835278572
253 -0.007113288357
254 -0.007281159747
255 -0.007344114024
256 -0.007309575002
257 -0.007185013020
258 -0.006979401556
259 -0.006701209883
260 -0.006359804337
261 -0.005963547984
262 -0.005521159010
263 -0.005040227152
264 -0.004528027742
265 -0.003990649930
266 -0.003434175118
267 -0.002862796326
268 -0.002281279427
269 -0.001692657777
270 -0.001100282619
271 -0.000506581606
272 0.0000855890080
273 0.0006742069525
274 0.0012561446376
275 0.0018289731438
276 0.0023890993706
277 0.0029330292215
278 0.0034561830910
279 0.0039538967728
280 0.0044207628112
281 0.0048504800217
282 0.0052371263886
283 0.0055737364552
284 0.0058537128945
285 0.0060700319145
286 0.0062167137329
287 0.0062872472946
288 0.0062769549555
289 0.0061811100668
290 0.0059970554398
291 0.0057227416478
292 0.0053584955792
293 0.0049053299388
294 0.0043674188064
295 0.0037492259062
296 0.0030585582074
297 0.0023038845041
298 0.0014962485397
299 0.0006475219611
300 -0.000228442284
301 -0.001117119284
302 -0.002002954445
303 -0.002869919775
304 -0.003702023795
305 -0.004483140157
306 -0.005198140282
307 -0.005832430557
308 -0.006373128233
309 -0.006808651529
310 -0.007129526944
311 -0.007328305323
312 -0.007400169495
313 -0.007342463689
314 -0.007155534633
315 -0.006841992385
316 -0.006407482257
317 -0.005859615242
318 -0.005209075803
319 -0.004467708042
320 -0.003650360679
321 -0.002772332785
322 -0.001850982769
323 -0.000903807626
324 0.0000505564882
325 0.0009942072217
326 0.0019090774475
327 0.0027781583961
328 0.0035853989999
329 0.0043163505756
330 0.0049583607037
331 0.0055005881235
332 0.0059348214983
333 0.0062545890502
334 0.0064567764193
335 0.0065396072394
336 0.0065050597462
337 0.0063559992823
338 0.0060991962808
339 0.0057415161032
340 0.0052937023467
341 0.0047659279550
342 0.0041715591878
343 0.0035229164292
344 0.0028350116423
345 0.0021209305655
346 0.0013956800713
347 0.0006722470118
348 -0.000035661684
349 -0.000716559363
350 -0.001358639464
351 -0.001953088811
352 -0.002490739165
353 -0.002965760950
354 -0.003372302395
355 -0.003707661656
356 -0.003969261040
357 -0.004157435148
358 -0.004272775632
359 -0.004317986978
360 -0.004296557066
361 -0.004212886047
362 -0.004072586817
363 -0.003881093170
364 -0.003645353973
365 -0.003371219472
366 -0.003065968001
367 -0.002735565614
368 -0.002386605247
369 -0.002024710791
370 -0.001655622944
371 -0.001283985775
372 -0.000914509775
373 -0.000550501069
374 -0.000195814855
375 0.0001474107779
376 0.0004764658372
377 0.0007899965157
378 0.0010861699537
379 0.0013640891260
380 0.0016226858981
381 0.0018610576581
382 0.0020784907202
383 0.0022741568882
384 0.0024471582169
385 0.0025963966400
386 0.0027209689771
387 0.0028194644447
388 0.0028907071248
389 0.0029331034683
390 0.0029454244643
391 0.0029261321399
392 0.0028740168622
393 0.0027879928349
394 0.0026672856617
395 0.0025114395168
396 0.0023205617761
397 0.0020951279028
398 0.0018365607923
399 0.0015462993470
400 0.0012275023946
401 0.0008828150186
402 0.0005167703989
403 0.0001336106848
404 -0.000260951425
405 -0.000661394442
406 -0.001060927409
407 -0.001453286602
408 -0.001831101176
409 -0.002187651038
410 -0.002515763648
411 -0.002808853912
412 -0.003060468921
413 -0.003265130815
414 -0.003417415525
415 -0.003513665923
416 -0.003550282388
417 -0.003525496309
418 -0.003438548823
419 -0.003289465518
420 -0.003080334451
421 -0.002813796416
422 -0.002494272278
423 -0.002127047376
424 -0.001718468633
425 -0.001276296162
426 -0.000808103241
427 -0.000323510080
428 0.0001686919741
429 0.0006586581130
430 0.0011370424090
431 0.0015940154368
432 0.0020208933818
433 0.0024089586826
434 0.0027506005910
435 0.0030390519252
436 0.0032686356270
437 0.0034349889926
438 0.0035349384619
439 0.0035669004691
440 0.0035304573914
441 0.0034269906594
442 0.0032588290901
443 0.0030301467095
444 0.0027458527367
445 0.0024124353684
446 0.0020369463537
447 0.0016276824422
448 0.0011930072525
449 0.0007423360100
450 0.0002846126535
451 -0.000170434216
452 -0.000614173704
453 -0.001037421949
454 -0.001432583664
455 -0.001791657901
456 -0.002108934147
457 -0.002378144516
458 -0.002595769415
459 -0.002757997232
460 -0.002863474839
461 -0.002911100190
462 -0.002901906784
463 -0.002837112550
464 -0.002720189307
465 -0.002554438731
466 -0.002345099178
467 -0.002097360972
468 -0.001817590364
469 -0.001512344204
470 -0.001188289606
471 -0.000853007388
472 -0.000512871834
473 -0.000175121624
474 0.0001539214859
475 0.0004681341655
476 0.0007622123907
477 0.0010310297552
478 0.0012709498972
479 0.0014782312358
480 0.0016509072330
481 0.0017869289730
482 0.0018858290723
483 0.0019473741785
484 0.0019725724353
485 0.0019625305813
486 0.0019196799471
487 0.0018462647859
488 0.0017454397980
489 0.0016205601279
490 0.0014750188115
491 0.0013127271617
492 0.0011371489516
493 0.0009522293407
494 0.0007612448866
495 0.0005678215588
496 0.0003746791165
497 0.0001851061834
498 0.0000009913017
499 -0.000174977267
500 -0.000341574219
501 -0.000496805801
502 -0.000640207499
503 -0.000770322836
504 -0.000887213735
505 -0.000989989389
506 -0.001079049300
507 -0.001153920710
508 -0.001215053811
509 -0.001262230275
510 -0.001296013361
511 -0.001315966666
512 -0.001322856984
513 -0.001315966666
514 -0.001296013361
515 -0.001262230275
516 -0.001215053811
517 -0.001153920710
518 -0.001079049300
519 -0.000989989389
520 -0.000887213735
521 -0.000770322836
522 -0.000640207499
523 -0.000496805801
524 -0.000341574219
525 -0.000174977267
526 0.0000009913017
527 0.0001851061835
528 0.0003746791165
529 0.0005678215588
530 0.0007612448866
531 0.0009522293407
532 0.0011371489516
533 0.0013127271617
534 0.0014750188115
535 0.0016205601278
536 0.0017454397980
537 0.0018462647858
538 0.0019196799471
539 0.0019625305814
540 0.0019725724353
541 0.0019473741784
542 0.0018858290723
543 0.0017869289729
544 0.0016509072330
545 0.0014782312358
546 0.0012709498972
547 0.0010310297552
548 0.0007622123907
549 0.0004681341655
550 0.0001539214859
551 -0.000175121624
552 -0.000512871834
553 -0.000853007388
554 -0.001188289606
555 -0.001512344204
556 -0.001817590364
557 -0.002097360972
558 -0.002345099178
559 -0.002554438731
560 -0.002720189307
561 -0.002837112550
562 -0.002901906784
563 -0.002911100190
564 -0.002863474839
565 -0.002757997232
566 -0.002595769415
567 -0.002378144516
568 -0.002108934147
569 -0.001791657901
570 -0.001432583664
571 -0.001037421949
572 -0.000614173704
573 -0.000170434216
574 0.0002846126535
575 0.0007423360100
576 0.0011930072525
577 0.0016276824422
578 0.0020369463537
579 0.0024124353684
580 0.0027458527367
581 0.0030301467095
582 0.0032588290901
583 0.0034269906594
584 0.0035304573914
585 0.0035669004691
586 0.0035349384619
587 0.0034349889925
588 0.0032686356270
589 0.0030390519252
590 0.0027506005910
591 0.0024089586826
592 0.0020208933818
593 0.0015940154368
594 0.0011370424091
595 0.0006586581130
596 0.0001686919741
597 -0.000323510080
598 -0.000808103241
599 -0.001276296162
600 -0.001718468633
601 -0.002127047376
602 -0.002494272278
603 -0.002813796416
604 -0.003080334451
605 -0.003289465518
606 -0.003438548823
607 -0.003525496309
608 -0.003550282388
609 -0.003513665923
610 -0.003417415525
611 -0.003265130815
612 -0.003060468921
613 -0.002808853912
614 -0.002515763648
615 -0.002187651038
616 -0.001831101176
617 -0.001453286602
618 -0.001060927409
619 -0.000661394442
620 -0.000260951425
621 0.0001336106848
622 0.0005167703990
623 0.0008828150186
624 0.0012275023946
625 0.0015462993470
626 0.0018365607923
627 0.0020951279028
628 0.0023205617762
629 0.0025114395168
630 0.0026672856617
631 0.0027879928348
632 0.0028740168623
633 0.0029261321398
634 0.0029454244643
635 0.0029331034683
636 0.0028907071248
637 0.0028194644446
638 0.0027209689771
639 0.0025963966400
640 0.0024471582169
641 0.0022741568882
642 0.0020784907202
643 0.0018610576580
644 0.0016226858981
645 0.0013640891260
646 0.0010861699537
647 0.0007899965158
648 0.0004764658372
649 0.0001474107779
650 -0.000195814855
651 -0.000550501069
652 -0.000914509775
653 -0.001283985775
654 -0.001655622944
655 -0.002024710791
656 -0.002386605247
657 -0.002735565614
658 -0.003065968001
659 -0.003371219472
660 -0.003645353973
661 -0.003881093170
662 -0.004072586817
663 -0.004212886047
664 -0.004296557066
665 -0.004317986978
666 -0.004272775632
667 -0.004157435148
668 -0.003969261040
669 -0.003707661656
670 -0.003372302395
671 -0.002965760950
672 -0.002490739165
673 -0.001953088811
674 -0.001358639464
675 -0.000716559363
676 -0.000035661684
677 0.0006722470118
678 0.0013956800713
679 0.0021209305656
680 0.0028350116423
681 0.0035229164292
682 0.0041715591878
683 0.0047659279549
684 0.0052937023467
685 0.0057415161031
686 0.0060991962808
687 0.0063559992823
688 0.0065050597463
689 0.0065396072395
690 0.0064567764193
691 0.0062545890503
692 0.0059348214983
693 0.0055005881234
694 0.0049583607038
695 0.0043163505756
696 0.0035853989999
697 0.0027781583961
698 0.0019090774475
699 0.0009942072217
700 0.0000505564882
701 -0.000903807626
702 -0.001850982769
703 -0.002772332785
704 -0.003650360679
705 -0.004467708042
706 -0.005209075803
707 -0.005859615242
708 -0.006407482257
709 -0.006841992385
710 -0.007155534633
711 -0.007342463689
712 -0.007400169495
713 -0.007328305323
714 -0.007129526944
715 -0.006808651529
716 -0.006373128233
717 -0.005832430557
718 -0.005198140282
719 -0.004483140157
720 -0.003702023795
721 -0.002869919775
722 -0.002002954445
723 -0.001117119284
724 -0.000228442284
725 0.0006475219611
726 0.0014962485397
727 0.0023038845041
728 0.0030585582073
729 0.0037492259062
730 0.0043674188064
731 0.0049053299388
732 0.0053584955791
733 0.0057227416479
734 0.0059970554398
735 0.0061811100668
736 0.0062769549554
737 0.0062872472946
738 0.0062167137329
739 0.0060700319145
740 0.0058537128946
741 0.0055737364552
742 0.0052371263886
743 0.0048504800217
744 0.0044207628112
745 0.0039538967727
746 0.0034561830910
747 0.0029330292215
748 0.0023890993706
749 0.0018289731438
750 0.0012561446375
751 0.0006742069525
752 0.0000855890079
753 -0.000506581606
754 -0.001100282619
755 -0.001692657777
756 -0.002281279427
757 -0.002862796326
758 -0.003434175118
759 -0.003990649930
760 -0.004528027742
761 -0.005040227153
762 -0.005521159010
763 -0.005963547984
764 -0.006359804337
765 -0.006701209883
766 -0.006979401556
767 -0.007185013020
768 -0.007309575002
769 -0.007344114024
770 -0.007281159747
771 -0.007113288357
772 -0.006835278572
773 -0.006442644660
774 -0.005933662491
775 -0.005307889836
776 -0.004568012343
777 -0.003718751002
778 -0.002768014655
779 -0.001725658790
780 -0.000605227070
781 0.0005780939622
782 0.0018060062714
783 0.0030586203465
784 0.0043138317532
785 0.0055483697803
786 0.0067381884055
787 0.0078584675113
788 0.0088848443614
789 0.0097935446246
790 0.0105625130415
791 0.0111709592724
792 0.0116011868935
793 0.0118382503077
794 0.0118706909004
795 0.0116910203593
796 0.0112958312026
797 0.0106863197533
798 0.0098680351539
799 0.0088511824632
800 0.0076504233367
801 0.0062845791930
802 0.0047765159799
803 0.0031523979468
804 0.0014416636567
805 -0.000324331808
806 -0.002112041574
807 -0.003887385135
808 -0.005615774527
809 -0.007263295447
810 -0.008797478428
811 -0.010187716451
812 -0.011406333611
813 -0.012428962066
814 -0.013235372144
815 -0.013809464079
816 -0.014140376299
817 -0.014221700612
818 -0.014052738337
819 -0.013637368882
820 -0.012985070732
821 -0.012109346775
822 -0.011028874925
823 -0.009765349499
824 -0.008344737589
825 -0.006794810089
826 -0.005146101310
827 -0.003429814150
828 -0.001678425629
829 0.0000768223763
830 0.0018043122555
831 0.0034751062517
832 0.0050616141426
833 0.0065397027506
834 0.0078875963722
835 0.0090876076344
836 0.0101254281254
837 0.0109907094305
838 0.0116768348005
839 0.0121810926787
840 0.0125041973541
841 0.0126500719719
842 0.0126257775529
843 0.0124403792454
844 0.0121056569664
845 0.0116339676597
846 0.0110396416790
847 0.0103364494802
848 0.0095392684754
849 0.0086614209510
850 0.0077165720497
851 0.0067161661187
852 0.0056714298134
853 0.0045911650129
854 0.0034834970776
855 0.0023544494461
856 0.0012093820627
857 0.0000519839141
858 -0.001114353479
859 -0.002287164019
860 -0.003463536644
861 -0.004640671248
862 -0.005815026738
863 -0.006981472471
864 -0.008134127791
865 -0.009264748332
866 -0.010363643023
867 -0.011418397962
868 -0.012415201214
869 -0.013337478640
870 -0.014167287486
871 -0.014884730959
872 -0.015469058304
873 -0.015898455197
874 -0.016151595407
875 -0.016207011772
876 -0.016045501585
877 -0.015648906853
878 -0.015003044122
879 -0.014096514938
880 -0.012922763133
881 -0.011480159330
882 -0.009772402654
883 -0.007809621457
884 -0.005607927364
885 -0.003189871004
886 -0.000584623010
887 0.0021727075895
888 0.0050411741892
889 0.0079745089058
890 0.0109222277399
891 0.0138303664054
892 0.0166422890014
893 0.0193005006385
894 0.0217472858113
895 0.0239266278831
896 0.0257851193116
897 0.0272736742945
898 0.0283486857353
899 0.0289732931703
900 0.0291185506151
901 0.0287643807590
902 0.0279001304595
903 0.0265257445543
904 0.0246512066292
905 0.0222975366296
906 0.0194956945550
907 0.0162873836189
908 0.0127224240910
909 0.0088603861514
910 0.0047667300898
911 0.0005139341003
912 -0.003822401134
913 -0.008162782181
914 -0.012427834274
915 -0.016538167968
916 -0.020417586881
917 -0.023993885324
918 -0.027200856371
919 -0.029979645947
920 -0.032280306965
921 -0.034062382067
922 -0.035296182586
923 -0.035963345083
924 -0.036056593667
925 -0.035580497163
926 -0.034550549306
927 -0.032992918908
928 -0.030943608290
929 -0.028446906819
930 -0.025555351846
931 -0.022325842193
932 -0.018822070174
933 -0.015107195140
934 -0.011249393240
935 -0.007311488331
936 -0.003359773057
937 0.0005499006689
938 0.0043587243814
939 0.0080229544699
940 0.0114954941836
941 0.0147485735071
942 0.0177486799918
943 0.0204857942817
944 0.0229397657209
945 0.0251176929199
946 0.0270104832328
947 0.0286399697863
948 0.0300034859484
949 0.0311336627430
950 0.0320285289487
951 0.0327268411598
952 0.0332204313273
953 0.0335500582370
954 0.0336946460267
955 0.0336933177869
956 0.0335065299347
957 0.0331704974371
958 0.0326227405675
959 0.0318979137345
960 0.0309080492964
961 0.0296910340722
962 0.0281326804450
963 0.0262821167944
964 0.0239996704975
965 0.0213576465663
966 0.0181920740099
967 0.0146128586339
968 0.0104331412136
969 0.0058175990560
970 0.0005549277299
971 -0.005115353543
972 -0.011434534103
973 -0.018066778933
974 -0.025294582726
975 -0.032662732672
976 -0.040514281301
977 -0.048248792559
978 -0.056300349240
979 -0.063893727529
980 -0.071596647927
981 -0.078424184170
982 -0.085135672585
983 -0.090491731391
984 -0.095520167794
985 -0.098667062729
986 -0.101328781480
987 -0.101554318293
988 -0.101237267616
989 -0.097914784185
990 -0.094142943019
991 -0.086787680492
992 -0.079280989853
993 -0.067594987876
994 -0.056318068650
995 -0.040218277489
996 -0.025413310289
997 -0.005036407277
998 0.0127624144657
999 0.0370832514313
1000 0.0570540208161
1001 0.0848444664452
1002 0.1058974014555
1003 0.1366319717891
1004 0.1574398329925
1005 0.1906727214353
1006 0.2096972603836
1007 0.2452444855291
1008 0.2607433563330
1009 0.2989423481817
1010 0.3089233167651
1011 0.3510320988619
1012 0.3531025885019
1013 0.4019914110192
1014 0.3929976182581
1015 0.4545453724165
1016 0.4297649076451
1017 0.5162410084968
1018 0.4675333079609
1019 0.6079873050175
1020 0.5193479698964
1021 0.8066397140337
1022 0.6487752915517
1023 1.7990229672690
