0 0.0010228888920
1 0.0010012095364
2 0.0009716348284
3 0.0009351360947
4 0.0008928833715
5 0.0008462563891
6 0.0007968563317
7 0.0007465184525
8 0.0006973256088
9 0.0006516227721
10 0.0006120325497
11 0.0005814717383
12 0.0005631689085
13 0.0005606829955
14 0.0005779228492
15 0.0006191676681
16 0.0006890882139
17 0.0007927686753
18 0.0009357290162
19 0.0011239476158
20 0.0013638839728
21 0.0016625012159
22 0.0020272881310
23 0.0024662803843
24 0.0029880805902
25 0.0036018768465
26 0.0043174593317
27 0.0051452345359
28 0.0060962366773
29 0.0071821358365
30 0.0084152423316
31 0.0098085068423
32 0.0113755157927
33 0.0131304814973
34 0.0150882265850
35 0.0172641622259
36 0.0196742597003
37 0.0223350148792
38 0.0252634052093
39 0.0284768388342
40 0.0319930955285
41 0.0358302591666
42 0.0400066415072
43 0.0445406971342
44 0.0494509294632
45 0.0547557877979
46 0.0604735554967
47 0.0666222293962
48 0.0732193907270
49 0.0802820678447
50 0.0878265912031
51 0.0958684410836
52 0.1044220887043
53 0.1135008314256
54 0.1231166228731
55 0.1332798988978
56 0.1439994003877
57 0.1552819940457
58 0.1671324923323
59 0.1795534738628
60 0.1925451056247
61 0.2061049684555
62 0.2202278872843
63 0.2349057676969
64 0.2501274404272
65 0.2658785154152
66 0.2821412470905
67 0.2988944125528
68 0.3161132043136
69 0.3337691392499
70 0.3518299853841
71 0.3702597080579
72 0.3890184370066
73 0.4080624557595
74 0.4273442146993
75 0.4468123690027
76 0.4664118425595
77 0.4860839188288
78 0.5057663594329
79 0.5253935511233
80 0.5448966815729
81 0.5642039442481
82 0.5832407724183
83 0.6019301021382
84 0.6201926638179
85 0.6379473017657
86 0.6551113208509
87 0.6716008591953
88 0.6873312855616
89 0.7022176198631
90 0.7161749749814
91 0.7291190178438
92 0.7409664474813
93 0.7516354875690
94 0.7610463907382
95 0.7691219517541
96 0.7757880264675
97 0.7809740532823
98 0.7846135737344
99 0.7866447486481
100 0.7870108662317
101 0.7856608383928
102 0.7825496814976
103 0.7776389777706
104 0.7708973135289
105 0.7623006904754
106 0.7518329063310
107 0.7394859011760
108 0.7252600659910
109 0.7091645100334
110 0.6912172838721
111 0.6714455551084
112 0.6498857340555
113 0.6265835469150
114 0.6015940542862
115 0.5749816131667
116 0.5468197809472
117 0.5171911602730
118 0.4861871840314
119 0.4539078401311
120 0.4204613361580
121 0.3859637044254
122 0.3505383483751
123 0.3143155317337
124 0.2774318122753
125 0.2400294224894
126 0.2022555998937
127 0.1642618701661
128 0.1262032866897
129 0.0882376305116
130 0.0505245751010
131 0.0132248206543
132 -0.023500796965
133 -0.059492217263
134 -0.094591080464
135 -0.128641661256
136 -0.161491804853
137 -0.192993859093
138 -0.223005596205
139 -0.251391117800
140 -0.278021736626
141 -0.302776828628
142 -0.325544648976
143 -0.346223105791
144 -0.364720485525
145 -0.380956124143
146 -0.394861018538
147 -0.406378372939
148 -0.415464075418
149 -0.422087100039
150 -0.426229830621
151 -0.427888302600
152 -0.427072359985
153 -0.423805724983
154 -0.418125978443
155 -0.410084449891
156 -0.399746016565
157 -0.387188811505
158 -0.372503841428
159 -0.355794515762
160 -0.337176088922
161 -0.316775018520
162 -0.294728242927
163 -0.271182382171
164 -0.246292866833
165 -0.220223000169
166 -0.193142959247
167 -0.165228741432
168 -0.136661063021
169 -0.107624217294
170 -0.078304899601
171 -0.048891007499
172 -0.019570424180
173 0.0094702063070
174 0.0380467033938
175 0.0659785651387
176 0.0930901654154
177 0.1192119243944
178 0.1441814436893
179 0.1678445977069
180 0.1900565729807
181 0.2106828475772
182 0.2296001030359
183 0.2466970617376
184 0.2618752430928
185 0.2750496324932
186 0.2861492575739
187 0.2951176669872
188 0.3019133075886
189 0.3065097966702
190 0.3088960866474
191 0.3090765204053
192 0.3070707763249
193 0.3029137028504
194 0.2966550432963
195 0.2883590524407
196 0.2781040072892
197 0.2659816152238
198 0.2520963235568
199 0.2365645352963
200 0.2195137366799
201 0.2010815427459
202 0.1814146678804
203 0.1606678288972
204 0.1390025887666
205 0.1165861496154
206 0.0935901040496
207 0.0701891542235
208 0.0465598083674
209 0.0228790647046
210 -0.000676907171
211 -0.023934077335
212 -0.046721848874
213 -0.068874323546
214 -0.090231529920
215 -0.110640604471
216 -0.129956916406
217 -0.148045127440
218 -0.164780178231
219 -0.180048193741
220 -0.193747300425
221 -0.205788348823
222 -0.216095535887
223 -0.224606922168
224 -0.231274839805
225 -0.236066188146
226 -0.238962614718
227 -0.239960580195
228 -0.239071306930
229 -0.236320611579
230 -0.231748623263
231 -0.225409389646
232 -0.217370374244
233 -0.207711849118
234 -0.196526188006
235 -0.183917065726
236 -0.169998570473
237 -0.154894236326
238 -0.138736003942
239 -0.121663118015
240 -0.103820970558
241 -0.085359899550
242 -0.066433952827
243 -0.047199627366
244 -0.027814594347
245 -0.008436420433
246 0.0107787042194
247 0.0296772208276
248 0.0481094294373
249 0.0659306789633
250 0.0830025101105
251 0.0991937418939
252 0.1143814929555
253 0.1284521294427
254 0.1413021318391
255 0.1528388738382
256 0.1629813070988
257 0.1716605465327
258 0.1788203516181
259 0.1844175001273
260 0.1884220515680
261 0.1908174985833
262 0.1916008055044
263 0.1907823342110
264 0.1883856584119
265 0.1844472684000
266 0.1790161692659
267 0.1721533764497
268 0.1639313133769
269 0.1544331167411
270 0.1437518557738
271 0.1319896725482
272 0.1192568510231
273 0.1056708231119
274 0.0913551205751
275 0.0764382819646
276 0.0610527242029
277 0.0453335886441
278 0.0294175716461
279 0.0134417497746
280 -0.002457590234
281 -0.018146106716
282 -0.033492533650
283 -0.048369776956
284 -0.062655967249
285 -0.076235460194
286 -0.088999776125
287 -0.100848471135
288 -0.111689932506
289 -0.121442092017
290 -0.130033051442
291 -0.137401615341
292 -0.143497727066
293 -0.148282804819
294 -0.151729975435
295 -0.153824204529
296 -0.154562322536
297 -0.153952947097
298 -0.152016303165
299 -0.148783943093
300 -0.144298369837
301 -0.138612567253
302 -0.131789442269
303 -0.123901184442
304 -0.115028549150
305 -0.105260071278
306 -0.094691216851
307 -0.083423480556
308 -0.071563437560
309 -0.059221758339
310 -0.046512195566
311 -0.033550552237
312 -0.020453640371
313 -0.007338239623
314 0.0056799349170
315 0.0184872465999
316 0.0309731238458
317 0.0430310109364
318 0.0545592747344
319 0.0654620595606
320 0.0756500829783
321 0.0850413658160
322 0.0935618904012
323 0.1011461816693
324 0.1077378065456
325 0.1132897877723
326 0.1177649291550
327 0.1211360500255
328 0.1233861275617
329 0.1245083464464
330 0.1245060561979
331 0.1233926373361
332 0.1211912783747
333 0.1179346664209
334 0.1136645949330
335 0.1084314929139
336 0.1022938804993
337 0.0953177565358
338 0.0875759243188
339 0.0791472621767
340 0.0701159460390
341 0.0605706315079
342 0.0506036032614
343 0.0403098998523
344 0.0297864221266
345 0.0191310335643
346 0.0084416608526
347 -0.002184597071
348 -0.012652343426
349 -0.022868733558
350 -0.032744292933
351 -0.042193695907
352 -0.051136498513
353 -0.059497818947
354 -0.067208959996
355 -0.074207968239
356 -0.080440125470
357 -0.085858368477
358 -0.090423634006
359 -0.094105126448
360 -0.096880506557
361 -0.098736000223
362 -0.099666427104
363 -0.099675149651
364 -0.098773943805
365 -0.096982793355
366 -0.094329610655
367 -0.090849887037
368 -0.086586276900
369 -0.081588120030
370 -0.075910907227
371 -0.069615694828
372 -0.062768474098
373 -0.055439501858
374 -0.047702598999
375 -0.039634423776
376 -0.031313726945
377 -0.022820595894
378 -0.014235694961
379 -0.005639509094
380 0.0028884021000
381 0.0112701330448
382 0.0194301369695
383 0.0272959004254
384 0.0347985815419
385 0.0418736064297
386 0.0484612185906
387 0.0545069766921
388 0.0599621966027
389 0.0647843341554
390 0.0689373057028
391 0.0723917441523
392 0.0751251888027
393 0.0771222079506
394 0.0783744538844
395 0.0788806505292
396 0.0786465146424
397 0.0776846120817
398 0.0760141512677
399 0.0736607165360
400 0.0706559446183
401 0.0670371479929
402 0.0628468893128
403 0.0581325115373
404 0.0529456287611
405 0.0473415830534
406 0.0413788728866
407 0.0351185589335
408 0.0286236531695
409 0.0219584973006
410 0.0151881365726
411 0.0083776949895
412 0.0015917578834
413 -0.005106232361
414 -0.011654561826
415 -0.017993806452
416 -0.024067364252
417 -0.029821953620
418 -0.035208073394
419 -0.040180420755
420 -0.044698263499
421 -0.048725763699
422 -0.052232250278
423 -0.055192438537
424 -0.057586595218
425 -0.059400648231
426 -0.060626240702
427 -0.061260729569
428 -0.061307129452
429 -0.060774003074
430 -0.059675299986
431 -0.058030145846
432 -0.055862584941
433 -0.053201279058
434 -0.050079166198
435 -0.046533082977
436 -0.042603354841
437 -0.038333358500
438 -0.033769061192
439 -0.028958541536
440 -0.023951496890
441 -0.018798742140
442 -0.013551704918
443 -0.008261922172
444 -0.002980542967
445 0.0022421577620
446 0.0073572499351
447 0.0123175991666
448 0.0170782936405
449 0.0215970431980
450 0.0258345471573
451 0.0297548277328
452 0.0333255263030
453 0.0365181601743
454 0.0393083379105
455 0.0416759317295
456 0.0436052059073
457 0.0450849005815
458 0.0461082707848
459 0.0466730809873
460 0.0467815558537
461 0.0464402883451
462 0.0456601066953
463 0.0444559021750
464 0.0428464199143
465 0.0408540153857
466 0.0385043794480
467 0.0358262351202
468 0.0328510094864
469 0.0296124843273
470 0.0261464292308
471 0.0224902210523
472 0.0186824536709
473 0.0147625420277
474 0.0107703244261
475 0.0067456670334
476 0.0027280744428
477 -0.001243689966
478 -0.005131970280
479 -0.008900567522
480 -0.012515069145
481 -0.015943155640
482 -0.019154881562
483 -0.022122928634
484 -0.024822828853
485 -0.027233155893
486 -0.029335683398
487 -0.031115509150
488 -0.032561144427
489 -0.033664568227
490 -0.034421246397
491 -0.034830116043
492 -0.034893535950
493 -0.034617204046
494 -0.034010043293
495 -0.033084057633
496 -0.031854159934
497 -0.030337974097
498 -0.028555613733
499 -0.026529439980
500 -0.024283801248
501 -0.021844757757
502 -0.019239793887
503 -0.016497521393
504 -0.013647376621
505 -0.010719314814
506 -0.007743504637
507 -0.004750025943
508 -0.001768573755
509 0.0011718286953
510 0.0040431051618
511 0.0068183872505
512 0.0094722612219
513 0.0119809922960
514 0.0143227276092
515 0.0164776797746
516 0.0184282854328
517 0.0201593387933
518 0.0216580992750
519 0.0229143726269
520 0.0239205651917
521 0.0246717112472
522 0.0251654736378
523 0.0254021181688
524 0.0253844624958
525 0.0251178004847
526 0.0246098032467
527 0.0238703982697
528 0.0229116282581
529 0.0217474914749
530 0.0203937655286
531 0.0188678166841
532 0.0171883968816
533 0.0153754307343
534 0.0134497948346
535 0.0114330917311
536 0.0093474209535
537 0.0072151494434
538 0.0050586837128
539 0.0029002459924
540 0.0007616565453
541 -0.001335875778
542 -0.003371952799
543 -0.005327174261
544 -0.007183311433
545 -0.008923465582
546 -0.010532209996
547 -0.011995714478
548 -0.013301851384
549 -0.014440282511
550 -0.015402526340
551 -0.016182005354
552 -0.016774073355
553 -0.017176022914
554 -0.017387073277
555 -0.017408339268
556 -0.017242781879
557 -0.016895141441
558 -0.016371854403
559 -0.015680954925
560 -0.014831962579
561 -0.013835757610
562 -0.012704445280
563 -0.011451210894
564 -0.010090167198
565 -0.008636195848
566 -0.007104784693
567 -0.005511862618
568 -0.003873633666
569 -0.002206412160
570 -0.000526460454
571 0.0011501690754
572 0.0028077863076
573 0.0044312084866
574 0.0060058968688
575 0.0075180837017
576 0.0089548884707
577 0.0103044224817
578 0.0115558809887
579 0.0126996222246
580 0.0137272328441
581 0.0146315794387
582 0.0154068459398
583 0.0160485568739
584 0.0165535865845
585 0.0169201546795
586 0.0171478080972
587 0.0172373903204
588 0.0171909983825
589 0.0170119284299
590 0.0167046106985
591 0.0162745348594
592 0.0157281667595
593 0.0150728576546
594 0.0143167470784
595 0.0134686605328
596 0.0125380032074
597 0.0115346509486
598 0.0104688396945
599 0.0093510545782
600 0.0081919198735
601 0.0070020909158
602 0.0057921490818
603 0.0045725008475
604 0.0033532818750
605 0.0021442669964
606 0.0009547868777
607 -0.000206347950
608 -0.001330915105
609 -0.002411339920
610 -0.003440746191
611 -0.004412997827
612 -0.005322731238
613 -0.006165378399
614 -0.006937180642
615 -0.007635193322
616 -0.008257281589
617 -0.008802107625
618 -0.009269109746
619 -0.009658473879
620 -0.009971097995
621 -0.010208550112
622 -0.010373020582
623 -0.010467269372
624 -0.010494569133
625 -0.010458644829
626 -0.010363610758
627 -0.010213905768
628 -0.010014227485
629 -0.009769466371
630 -0.009484640364
631 -0.009164830876
632 -0.008815120847
633 -0.008440535533
634 -0.008045986632
635 -0.007636220311
636 -0.007215769634
637 -0.006788911817
638 -0.006359630651
639 -0.005931584407
640 -0.005508079407
641 -0.005092049411
642 -0.004686040871
643 -0.004292204043
644 -0.003912289869
645 -0.003547652479
646 -0.003199257077
647 -0.002867692953
648 -0.002553191259
649 -0.002255647169
650 -0.001974646000
651 -0.001709492788
652 -0.001459244848
653 -0.001222746762
654 -0.000998667258
655 -0.000785537405
656 -0.000581789577
657 -0.000385796607
658 -0.000195910588
659 -0.000010500778
660 0.0001720098928
661 0.0003531102155
662 0.0005341684214
663 0.0007164026640
664 0.0009008546119
665 0.0010883664822
666 0.0012795617793
667 0.0014748299579
668 0.0016743151696
669 0.0018779091997
670 0.0020852486419
671 0.0022957163037
672 0.0025084467799
673 0.0027223360768
674 0.0029360551198
675 0.0031480669264
676 0.0033566471827
677 0.0035599079199
678 0.0037558239470
679 0.0039422616689
680 0.0041170098848
681 0.0042778121454
682 0.0044224002250
683 0.0045485282582
684 0.0046540070814
685 0.0047367383215
686 0.0047947477786
687 0.0048262176607
688 0.0048295172467
689 0.0048032315702
690 0.0047461877506
691 0.0046574786192
692 0.0045364833307
693 0.0043828846827
694 0.0041966829100
695 0.0039782057611
696 0.0037281147138
697 0.0034474072278
698 0.0031374149872
699 0.0027997981268
700 0.0024365354884
701 0.0020499109995
702 0.0016424963106
703 0.0012171298742
704 0.0007768926867
705 0.0003250809558
706 -0.000134824009
707 -0.000599188355
708 -0.001064260340
709 -0.001526206687
710 -0.001981150261
711 -0.002425208639
712 -0.002854533146
713 -0.003265347939
714 -0.003653988701
715 -0.004016940522
716 -0.004350874552
717 -0.004652683016
718 -0.004919512223
719 -0.005148793192
720 -0.005338269568
721 -0.005486022520
722 -0.005590492353
723 -0.005650496589
724 -0.005665244333
725 -0.005634346749
726 -0.005557823545
727 -0.005436105391
728 -0.005270032226
729 -0.005060847496
730 -0.004810188348
731 -0.004520071900
732 -0.004192877726
733 -0.003831326721
734 -0.003438456578
735 -0.003017594117
736 -0.002572324759
737 -0.002106459442
738 -0.001623999330
739 -0.001129098663
740 -0.000626026124
741 -0.000119125118
742 0.0003872266428
743 0.0008886578500
744 0.0013808441880
745 0.0018595484136
746 0.0023206595242
747 0.0027602306334
748 0.0031745151887
749 0.0035600011795
750 0.0039134430106
751 0.0042318907398
752 0.0045127164053
753 0.0047536372025
754 0.0049527352983
755 0.0051084741110
756 0.0052197109152
757 0.0052857056717
758 0.0053061260192
759 0.0052810484024
760 0.0052109553514
761 0.0050967289615
762 0.0049396406629
763 0.0047413374033
764 0.0045038244012
765 0.0042294446586
766 0.0039208554547
767 0.0035810020659
768 0.0032130889847
769 0.0028205489309
770 0.0024070099678
771 0.0019762610503
772 0.0015322163457
773 0.0010788786736
774 0.0006203024206
775 0.0001605562826
776 -0.000296313811
777 -0.000746321247
778 -0.001185574406
779 -0.001610311147
780 -0.002016931789
781 -0.002402030288
782 -0.002762423338
783 -0.003095177150
784 -0.003397631674
785 -0.003667422070
786 -0.003902497261
787 -0.004101135411
788 -0.004261956239
789 -0.004383930067
790 -0.004466383569
791 -0.004509002204
792 -0.004511829336
793 -0.004475262102
794 -0.004400044093
795 -0.004287254954
796 -0.004138297049
797 -0.003954879319
798 -0.003738998554
799 -0.003492918246
800 -0.003219145271
801 -0.002920404633
802 -0.002599612523
803 -0.002259847965
804 -0.001904323322
805 -0.001536353956
806 -0.001159327315
807 -0.000776671749
808 -0.000391825340
809 -0.000008205024
810 0.0003708237091
811 0.0007419762780
812 0.0011020773680
813 0.0014480879538
814 0.0017771307510
815 0.0020865138902
816 0.0023737526219
817 0.0026365888850
818 0.0028730085876
819 0.0030812564785
820 0.0032598485058
821 0.0034075815875
822 0.0035235407407
823 0.0036071035415
824 0.0036579419143
825 0.0036760212689
826 0.0036615970320
827 0.0036152086397
828 0.0035376710806
829 0.0034300640981
830 0.0032937191839
831 0.0031302045062
832 0.0029413079393
833 0.0027290183706
834 0.0024955054753
835 0.0022430981626
836 0.0019742619001
837 0.0016915751372
838 0.0013977050459
839 0.0010953828057
840 0.0007873786577
841 0.0004764769499
842 0.0001654513967
843 -0.000142959233
844 -0.000446074795
845 -0.000741296601
846 -0.001026129241
847 -0.001298201187
848 -0.001555284036
849 -0.001795310238
850 -0.002016389162
851 -0.002216821408
852 -0.002395111229
853 -0.002549977018
854 -0.002680359765
855 -0.002785429451
856 -0.002864589360
857 -0.002917478274
858 -0.002943970593
859 -0.002944174381
860 -0.002918427397
861 -0.002867291169
862 -0.002791543191
863 -0.002692167330
864 -0.002570342557
865 -0.002427430126
866 -0.002264959311
867 -0.002084611879
868 -0.001888205416
869 -0.001677675686
870 -0.001455058186
871 -0.001222469059
872 -0.000982085548
873 -0.000736126156
874 -0.000486830706
875 -0.000236440446
876 0.0000128215982
877 0.0002587698820
878 0.0004992750270
879 0.0007322817999
880 0.0009558262228
881 0.0011680516839
882 0.0013672239192
883 0.0015517447507
884 0.0017201644751
885 0.0018711928141
886 0.0020037083453
887 0.0021167663527
888 0.0022096050445
889 0.0022816501044
890 0.0023325175559
891 0.0023620149322
892 0.0023701407615
893 0.0023570823909
894 0.0023232121846
895 0.0022690821473
896 0.0021954170377
897 0.0021031060444
898 0.0019931931156
899 0.0018668660371
900 0.0017254443677
901 0.0015703663489
902 0.0014031749119
903 0.0012255029132
904 0.0010390577347
905 0.0008456053889
906 0.0006469542723
907 0.0004449387104
908 0.0002414024439
909 0.0000381821953
910 -0.000162908536
911 -0.000360095316
912 -0.000551658114
913 -0.000735946014
914 -0.000911391170
915 -0.001076521891
916 -0.001229974756
917 -0.001370505644
918 -0.001496999614
919 -0.001608479538
920 -0.001704113433
921 -0.001783220434
922 -0.001845275373
923 -0.001889911921
924 -0.001916924294
925 -0.001926267510
926 -0.001918056206
927 -0.001892562045
928 -0.001850209737
929 -0.001791571726
930 -0.001717361605
931 -0.001628426320
932 -0.001525737243
933 -0.001410380208
934 -0.001283544604
935 -0.001146511629
936 -0.001000641816
937 -0.000847361954
938 -0.000688151516
939 -0.000524528734
940 -0.000358036438
941 -0.000190227786
942 -0.000022652032
943 0.0001431595591
944 0.0003057075150
945 0.0004635375475
946 0.0006152534278
947 0.0007595292216
948 0.0008951207808
949 0.0010208763917
950 0.0011357464890
951 0.0012387923539
952 0.0013291937211
953 0.0014062552372
954 0.0014694117152
955 0.0015182321476
956 0.0015524224495
957 0.0015718269147
958 0.0015764283820
959 0.0015663471167
960 0.0015418384297
961 0.0015032890621
962 0.0014512123808
963 0.0013862424345
964 0.0013091269368
965 0.0012207192462
966 0.0011219694277
967 0.0010139144839
968 0.0008976678532
969 0.0007744082796
970 0.0006453681615
971 0.0005118214928
972 0.0003750715143
973 0.0002364381901
974 0.0000972456319
975 -0.000041190412
976 -0.000177574886
977 -0.000310645457
978 -0.000439184131
979 -0.000562028363
980 -0.000678081536
981 -0.000786322733
982 -0.000885815709
983 -0.000975716974
984 -0.001055282936
985 -0.001123876019
986 -0.001180969729
987 -0.001226152603
988 -0.001259131038
989 -0.001279730956
990 -0.001287898316
991 -0.001283698466
992 -0.001267314359
993 -0.001239043651
994 -0.001199294718
995 -0.001148581648
996 -0.001087518253
997 -0.001016811174
998 -0.000937252148
999 -0.000849709525
1000 -0.000755119112
1001 -0.000654474460
1002 -0.000548816657
1003 -0.000439223778
1004 -0.000326800049
1005 -0.000212664868
1006 -0.000097941780
1007 0.0000162524921
1008 0.0001288188457
1009 0.0002386863204
1010 0.0003448222506
1011 0.0004462419448
1012 0.0005420178035
1013 0.0006312877914
1014 0.0007132631833
1015 0.0007872355161
1016 0.0008525826847
1017 0.0009087741275
1018 0.0009553750597
1019 0.0009920497209
1020 0.0010185636129
1021 0.0010347847138
1022 0.0010406836686
1023 0.0010363329591
